<svg width="45" height="25" viewBox="0 0 45 25" fill="none" xmlns="http://www.w3.org/2000/svg">
<path d="M41.4598 4.74801C41.4701 4.74801 41.477 4.74303 41.477 4.73306V4.40671V4.40356C41.477 4.38807 41.4728 4.37418 41.4664 4.36C41.4598 4.34558 41.4518 4.33246 41.4393 4.32327C41.4274 4.31253 41.4139 4.30412 41.3982 4.29862C41.3833 4.29207 41.3661 4.28918 41.3475 4.28918H41.3316C41.3122 4.28918 41.2949 4.29285 41.2803 4.30046C41.2649 4.30728 41.2511 4.31698 41.24 4.3288L41.2203 4.36526C41.2179 4.36526 41.2169 4.365 41.2148 4.36447L41.2092 4.36132V4.36289C41.1999 4.34033 41.184 4.32276 41.1633 4.30912C41.1423 4.29548 41.1176 4.28918 41.0897 4.28918H41.077C41.0592 4.28918 41.0419 4.29285 41.0263 4.30046C41.0119 4.30728 40.9979 4.31698 40.9846 4.3288L40.9676 4.36289L40.9559 4.35869L40.9652 4.32327V4.30361C40.9652 4.29389 40.9591 4.28918 40.9488 4.28918H40.9127C40.9023 4.28918 40.8973 4.29389 40.8973 4.30361V4.73306C40.8973 4.74303 40.9023 4.74801 40.9127 4.74801H40.9488C40.9591 4.74801 40.9652 4.74303 40.9652 4.73306V4.44055C40.9724 4.42192 40.9812 4.40671 40.992 4.39358C41.0029 4.38021 41.0133 4.37024 41.0236 4.36289C41.0329 4.3545 41.0433 4.34977 41.0536 4.34583C41.0629 4.3427 41.0704 4.34138 41.077 4.34138H41.0897C41.1073 4.34138 41.1221 4.34636 41.1333 4.35738C41.1447 4.36841 41.1513 4.38178 41.1513 4.39673V4.40671V4.73305V4.73489C41.1513 4.73909 41.1526 4.74197 41.1556 4.74487C41.1585 4.74697 41.163 4.74801 41.1667 4.74801H41.202H41.2028C41.2076 4.74801 41.2111 4.74697 41.2134 4.74381C41.2156 4.74066 41.2169 4.73725 41.2169 4.73305V4.44055C41.2251 4.42192 41.2339 4.40671 41.2442 4.39358C41.2554 4.38021 41.2655 4.37024 41.2761 4.36289C41.2878 4.3545 41.2968 4.34977 41.3069 4.34583C41.3156 4.3427 41.3236 4.34138 41.3316 4.34138H41.3475C41.3648 4.34138 41.3786 4.34636 41.3902 4.35738C41.4038 4.36841 41.4078 4.38178 41.4078 4.39673V4.73305C41.4078 4.74303 41.4144 4.74801 41.4253 4.74801H41.4598V4.74801ZM40.8362 4.34242C40.8466 4.34242 40.8532 4.33719 40.8532 4.32721V4.30361C40.8532 4.29389 40.8466 4.28918 40.8362 4.28918H40.5495C40.5362 4.28918 40.532 4.29389 40.532 4.30361V4.32721C40.532 4.33719 40.5362 4.34242 40.5495 4.34242H40.6581V4.73306C40.6581 4.74303 40.6639 4.74801 40.6748 4.74801H40.7085C40.7191 4.74801 40.725 4.74303 40.725 4.73306V4.34242H40.8362Z" fill="#00415B"/>
<path d="M20.5126 13.2358C20.3801 13.2358 20.3143 13.1813 20.3143 13.0711V7.34151C20.3143 7.16102 20.2458 7.00808 20.1088 6.88321C19.9721 6.75806 19.8065 6.69563 19.6145 6.69563H19.2036C19.1433 6.69563 19.0571 6.71321 18.9445 6.74757C18.8327 6.78299 18.7138 6.84517 18.5877 6.93647C18.4598 7.02566 18.3366 7.14607 18.2145 7.29692C18.0929 7.44698 17.9859 7.63272 17.8951 7.85283V13.0711C17.8951 13.1813 17.8293 13.2358 17.6968 13.2358H17.3023C17.1699 13.2358 17.1038 13.1813 17.1038 13.0711V2.89062C17.1038 2.78017 17.1699 2.72534 17.3023 2.72534H17.6968C17.8293 2.72534 17.8951 2.78017 17.8951 2.89062V6.48445L17.7889 6.9055L17.9254 6.93647L18.1388 6.54478C18.2806 6.40443 18.4398 6.29188 18.618 6.20584C18.7961 6.12163 18.991 6.07835 19.2036 6.07835H19.6145C19.8168 6.07835 20.0095 6.11375 20.1925 6.18327C20.3751 6.25411 20.536 6.34881 20.6724 6.46949C20.8089 6.58939 20.9158 6.73289 20.992 6.89895C21.0672 7.06396 21.1051 7.23658 21.1051 7.41682V13.0711C21.1051 13.1813 21.0396 13.2358 20.9076 13.2358H20.5126V13.2358ZM26.1219 11.8982V7.41682C26.1219 7.23659 26.0839 7.06396 26.008 6.89895C25.931 6.73289 25.8251 6.5899 25.6887 6.46949C25.5519 6.34881 25.3911 6.25411 25.2087 6.18328C25.0261 6.11375 24.8331 6.07835 24.6308 6.07835H24.2188C24.0059 6.07835 23.811 6.12163 23.634 6.20584C23.4564 6.29189 23.2971 6.40444 23.1551 6.54478L22.9414 6.93647L22.8049 6.89029L22.9111 6.46949V6.24388C22.9111 6.13449 22.845 6.07835 22.7131 6.07835H22.318C22.1856 6.07835 22.1195 6.13449 22.1195 6.24388V16.4236C22.1195 16.5343 22.1856 16.5894 22.318 16.5894H22.7131C22.845 16.5894 22.9111 16.5343 22.9111 16.4236V12.8308L22.8049 12.4089L22.9414 12.3796L23.1551 12.755C23.2971 12.8956 23.4564 13.011 23.634 13.1007C23.811 13.1907 24.0059 13.2358 24.2188 13.2358H24.6308C24.8331 13.2358 25.0261 13.2017 25.2087 13.1309C25.3911 13.0622 25.5519 12.9659 25.6887 12.846C25.8251 12.7253 25.931 12.5826 26.008 12.4171C26.0839 12.2518 26.1219 12.0786 26.1219 11.8982ZM25.3305 11.9585C25.3305 12.1385 25.2618 12.2946 25.1251 12.4236C24.9873 12.5545 24.823 12.6201 24.6308 12.6201H24.2188C24.1596 12.6201 24.0722 12.6023 23.9615 12.5671C23.85 12.532 23.7301 12.4693 23.6037 12.3796C23.4773 12.2885 23.3528 12.1686 23.2315 12.0186C23.1086 11.8677 23.0021 11.677 22.9111 11.4472V7.85283C23.0021 7.63273 23.1086 7.44699 23.2315 7.29692C23.3528 7.14607 23.4773 7.02566 23.6037 6.93647C23.7301 6.84517 23.85 6.783 23.9615 6.74758C24.0722 6.71321 24.1596 6.69563 24.2188 6.69563H24.6308C24.823 6.69563 24.9873 6.75807 25.1251 6.88322C25.2618 7.00808 25.3305 7.16103 25.3305 7.34152V11.9585Z" fill="white"/>
<path d="M39.2076 6.70955V11.9729C39.2076 12.1534 39.2767 12.3064 39.4131 12.4315C39.5503 12.5569 39.7195 12.6201 39.9223 12.6201C40.055 12.6201 40.1211 12.6802 40.1211 12.8001V13.0711C40.1211 13.181 40.055 13.2359 39.9223 13.2359C39.7094 13.2359 39.5121 13.2018 39.3295 13.1309C39.1468 13.0614 38.9876 12.9659 38.8498 12.8452C38.7133 12.7253 38.6061 12.5824 38.5312 12.4171C38.454 12.2518 38.416 12.0784 38.416 11.8979V4.45446C38.416 4.34454 38.4816 4.28918 38.6143 4.28918H39.0253C39.1468 4.28918 39.2076 4.34454 39.2076 4.45446V6.0933H40.3332C40.4651 6.0933 40.532 6.14946 40.532 6.25911V6.52933C40.532 6.65 40.4651 6.70955 40.3332 6.70955H39.2076Z" fill="white"/>
<path d="M15.0878 6.70955V11.9729C15.0878 12.1534 15.1563 12.3064 15.2927 12.4315C15.4297 12.5569 15.5993 12.6201 15.8024 12.6201C15.9346 12.6201 16.0007 12.6802 16.0007 12.8001V13.0711C16.0007 13.181 15.9346 13.2359 15.8024 13.2359C15.5892 13.2359 15.392 13.2018 15.2093 13.1309C15.0272 13.0614 14.8672 12.9659 14.7291 12.8452C14.5927 12.7253 14.4857 12.5824 14.4111 12.4171C14.3341 12.2518 14.2961 12.0784 14.2961 11.8979V4.45446C14.2961 4.34454 14.3622 4.28918 14.495 4.28918H14.9049C15.0272 4.28918 15.0878 4.34454 15.0878 4.45446V6.0933H16.2136C16.3455 6.0933 16.4116 6.14946 16.4116 6.25911V6.52933C16.4116 6.65 16.3455 6.70955 16.2136 6.70955H15.0878Z" fill="white"/>
<path d="M9.36629 13.071V7.41672C9.36629 7.23674 9.32807 7.06386 9.25321 6.89833C9.17596 6.73279 9.06951 6.5898 8.93279 6.46967C8.79581 6.34873 8.63653 6.25376 8.45309 6.18345C8.26992 6.1134 8.07321 6.07851 7.86031 6.07851H7.11355C6.90118 6.07851 6.70367 6.1134 6.52103 6.18345C6.33919 6.25376 6.17912 6.34873 6.04134 6.46967C5.90515 6.58981 5.7979 6.73279 5.72278 6.89833C5.64553 7.06386 5.60703 7.23674 5.60703 7.41672C5.60703 7.52717 5.67446 7.58331 5.80587 7.58331H6.20141C6.33335 7.58331 6.39945 7.52717 6.39945 7.41672V7.34143C6.39945 7.1612 6.4682 7.00851 6.60492 6.88311C6.74137 6.75798 6.91126 6.69553 7.11355 6.69553H7.86031C8.06232 6.69553 8.23302 6.75798 8.36947 6.88311C8.50618 7.00851 8.5752 7.1612 8.5752 7.34143V8.54375C8.18975 8.62508 7.80403 8.74261 7.4183 8.89765C7.03338 9.05374 6.68827 9.22609 6.38378 9.41681C6.08009 9.60702 5.83374 9.81007 5.64552 10.0262C5.4581 10.2422 5.36413 10.4547 5.36413 10.6648V11.8981C5.36413 12.0786 5.40289 12.2517 5.47828 12.417C5.55553 12.5825 5.66119 12.7252 5.7979 12.8454C5.93488 12.9658 6.09522 13.0615 6.27733 13.13C6.45997 13.2019 6.65323 13.2357 6.85578 13.2357H7.26646C7.47962 13.2357 7.67501 13.1938 7.85207 13.108C8.02967 13.0238 8.18975 12.9104 8.3315 12.7698L8.54494 12.3795L8.68192 12.4238L8.5752 12.8307V13.071C8.5752 13.1812 8.6405 13.2357 8.77244 13.2357H9.16825C9.30046 13.2357 9.36629 13.1812 9.36629 13.071ZM8.57521 11.4615C8.48442 11.6824 8.3785 11.8684 8.25559 12.0185C8.1348 12.1685 8.00844 12.2884 7.88314 12.3795C7.75545 12.4692 7.63758 12.5319 7.52502 12.567C7.41326 12.6022 7.32725 12.62 7.26646 12.62H6.85578C6.66253 12.62 6.49741 12.5568 6.36149 12.4317C6.22477 12.3065 6.15629 12.1533 6.15629 11.9736V10.6648C6.15629 10.5848 6.21708 10.4717 6.33919 10.3266C6.45998 10.1818 6.62988 10.0281 6.84809 9.86805C7.06551 9.70776 7.32195 9.55246 7.61608 9.4016C7.91075 9.25234 8.22958 9.13087 8.57521 9.04088V11.4615H8.57521ZM12.4805 6.70944C12.4192 6.70944 12.3337 6.72701 12.2224 6.76321C12.1109 6.79811 11.9915 6.86028 11.8638 6.95105C11.7372 7.04104 11.6129 7.1612 11.4911 7.31125C11.37 7.4621 11.263 7.64784 11.1725 7.86794V13.071C11.1725 13.1812 11.1062 13.2357 10.9737 13.2357H10.5784C10.4462 13.2357 10.3806 13.1812 10.3806 13.071V6.25926C10.3806 6.1496 10.4462 6.09346 10.5784 6.09346H10.9737C11.1062 6.09346 11.1725 6.1496 11.1725 6.25926V6.48435L11.065 6.9054L11.2031 6.95105L11.4146 6.55991C11.5569 6.41929 11.7167 6.30648 11.8946 6.22147C12.0719 6.13674 12.267 6.09345 12.4805 6.09345H13.3478C13.48 6.09345 13.5458 6.14959 13.5458 6.25926V6.52947C13.5458 6.57984 13.5259 6.62234 13.4847 6.6575C13.4447 6.6929 13.3979 6.70944 13.3478 6.70944H12.4805V6.70944ZM4.5027 9.35648V7.41672C4.5027 7.23701 4.46526 7.06386 4.38828 6.89807C4.31156 6.73174 4.20723 6.5906 4.06813 6.46966C3.92982 6.3482 3.77187 6.25454 3.59003 6.18345C3.40685 6.11314 3.21413 6.07772 3.01078 6.0785C2.80796 6.07982 2.00705 6.0785 2.00705 6.0785C1.79309 6.0785 1.5977 6.1134 1.41427 6.18345C1.23083 6.25454 1.07155 6.3482 0.934305 6.46966C0.796263 6.59033 0.691138 6.73252 0.614684 6.89832C0.538227 7.06386 0.5 7.23701 0.5 7.41672V11.8981C0.5 12.0793 0.538227 12.2506 0.614681 12.4178C0.691135 12.5825 0.79626 12.7244 0.934302 12.8454C1.07155 12.9661 1.23083 13.0615 1.41426 13.13C1.5977 13.2001 1.79308 13.2357 2.00705 13.2357H3.01078C3.21412 13.2357 3.40499 13.2008 3.59002 13.13C3.77187 13.0615 3.93115 12.9661 4.06812 12.8454C4.20617 12.7244 4.31209 12.5825 4.38828 12.4178C4.46526 12.2506 4.50269 12.0793 4.50269 11.8981C4.50269 11.7871 4.43633 11.7328 4.30439 11.7328H3.90831C3.77717 11.7328 3.7116 11.7871 3.7116 11.8981V11.9736C3.7116 12.1533 3.64311 12.3073 3.50613 12.4317C3.36809 12.5568 3.2043 12.62 3.01077 12.62H2.00705C1.80423 12.62 1.63434 12.5581 1.49709 12.4317C1.36064 12.306 1.29242 12.1533 1.29242 11.9736V9.95829H3.71161C4.18865 9.95829 4.5027 9.77046 4.5027 9.35648ZM3.71161 9.34099H1.29242V7.34143C1.29242 7.16067 1.36064 7.00851 1.49709 6.88311C1.63434 6.75745 1.80423 6.69553 2.00705 6.69553H3.01078C3.2043 6.69553 3.36836 6.75745 3.50614 6.88311C3.64312 7.00851 3.71161 7.16067 3.71161 7.34143V9.34099V9.34099Z" fill="white"/>
<path d="M37.4686 6.70951C37.5198 6.70951 37.5644 6.69273 37.6053 6.65731C37.6459 6.62216 37.6658 6.57992 37.6658 6.52929V6.25907C37.6658 6.14942 37.5997 6.09326 37.4686 6.09326H36.6013C36.3887 6.09326 36.1933 6.13656 36.0149 6.22155C35.8376 6.30629 35.6777 6.41909 35.536 6.55971L35.3228 6.95087L35.1858 6.90522L35.2926 6.48442V6.25907C35.2926 6.14942 35.2262 6.09326 35.0948 6.09326H34.6984C34.567 6.09326 34.5015 6.14942 34.5015 6.25907V13.0711C34.5015 13.181 34.567 13.2358 34.6984 13.2358H35.0948C35.2262 13.2358 35.2926 13.181 35.2926 13.0711V7.86802C35.3839 7.64766 35.4898 7.46192 35.6116 7.31132C35.7335 7.161 35.8575 7.04084 35.9854 6.95087C36.1115 6.86036 36.2307 6.79793 36.3419 6.76304C36.4532 6.72709 36.5405 6.70951 36.6013 6.70951H37.4686V6.70951Z" fill="white"/>
<path d="M18.3457 18.9162H18.3195C23.465 25.3084 32.8805 26.3693 39.3494 21.2846C45.8188 16.1988 46.8916 6.8938 41.7452 0.500227C41.7442 0.499716 41.7211 0.500227 41.7211 0.500227C46.3187 6.86204 45.119 15.7494 38.857 20.6723C32.5949 25.5941 23.586 24.7706 18.3457 18.9162Z" fill="white"/>
<path d="M30.2602 12.4644C28.6907 12.4644 27.4194 11.207 27.4194 9.65685C27.4194 8.10693 28.6907 6.85084 30.2602 6.85084C31.828 6.85084 33.0996 8.10692 33.0996 9.65685C33.0996 11.207 31.828 12.4644 30.2602 12.4644ZM30.2602 6.08557C28.2625 6.08557 26.6445 7.68482 26.6445 9.65686C26.6445 11.6299 28.2625 13.2284 30.2602 13.2284C32.2549 13.2284 33.8737 11.6299 33.8737 9.65686C33.8737 7.68482 32.2549 6.08557 30.2602 6.08557Z" fill="white"/>
<path d="M2.70388 15.4171C2.37709 15.4347 1.9996 15.4523 1.9996 15.7673C1.9996 15.9397 2.12675 16.0546 2.39275 16.0546C2.50876 16.0546 2.64813 16.0326 2.70388 16.0048V15.4171ZM2.39514 16.1726C2.03809 16.1726 1.85571 16.0147 1.85571 15.7697C1.85571 15.377 2.29134 15.3274 2.70388 15.3048V15.1873C2.70388 14.9596 2.54938 14.8922 2.34682 14.8922C2.22046 14.8922 2.06835 14.9323 1.98181 14.9769L1.93748 14.8675C2.0357 14.8198 2.20241 14.7749 2.35718 14.7749C2.64308 14.7749 2.84749 14.8872 2.84749 15.197V16.0798C2.75405 16.1322 2.56451 16.1726 2.39514 16.1726Z" fill="white"/>
<path d="M3.59597 16.6849H3.44174L3.64694 16.1471L3.1322 14.7999H3.29467L3.66871 15.8422C3.69207 15.907 3.7072 15.9697 3.71755 16.0225H3.72207C3.7303 15.9891 3.7449 15.9173 3.77357 15.8422L4.14761 14.7999H4.30901L3.59597 16.6849Z" fill="white"/>
<path d="M6.25629 16.1472V15.2046C6.25629 15.01 6.11745 14.8971 5.93003 14.8971C5.7835 14.8971 5.66722 14.9475 5.59316 15.0325V16.1472H5.4445V15.1647C5.4445 15 5.29531 14.8971 5.08532 14.8971C4.96347 14.8971 4.85782 14.92 4.7795 14.9522V16.1472H4.62952V14.8675C4.75641 14.8119 4.91595 14.7751 5.0824 14.7751C5.29026 14.7751 5.43945 14.8497 5.51007 14.9402C5.59316 14.8578 5.75111 14.7751 5.95048 14.7751C6.22098 14.7751 6.40548 14.9373 6.40548 15.1973V16.1472H6.25629V16.1472Z" fill="white"/>
<path d="M7.36383 14.8922C7.09544 14.8922 6.93112 15.1099 6.92342 15.4397L7.7461 15.3221C7.74344 15.0299 7.59186 14.8922 7.36383 14.8922ZM7.88706 15.4121L6.93112 15.5525C6.95209 15.8823 7.13871 16.0496 7.42701 16.0496C7.56346 16.0496 7.71026 16.0147 7.79654 15.9652L7.84697 16.0798C7.75645 16.1323 7.59372 16.1727 7.42196 16.1727C7.03226 16.1727 6.78723 15.9295 6.78723 15.4722C6.78723 15.0569 7.00704 14.7749 7.36382 14.7749C7.67946 14.7749 7.88918 14.9769 7.88918 15.3321C7.88918 15.3576 7.88918 15.3825 7.88706 15.4121Z" fill="white"/>
<path d="M9.11352 16.1472V15.2274C9.11352 15.0273 8.98955 14.8971 8.74134 14.8971C8.60489 14.8971 8.48596 14.9223 8.41003 14.9522V16.1472H8.26111V14.8675C8.38482 14.8119 8.55471 14.7751 8.74134 14.7751C9.08034 14.7751 9.26245 14.9423 9.26245 15.2201V16.1472H9.11352V16.1472Z" fill="white"/>
<path d="M10.1099 16.1595C9.90763 16.1595 9.76322 16.0496 9.76322 15.8221V14.9126H9.55005V14.8H9.76322V14.4645L9.90763 14.4097V14.8H10.2161V14.9126H9.90763V15.8174C9.90763 15.9672 10.0112 16.0299 10.1322 16.0299C10.1633 16.0299 10.1965 16.0249 10.2161 16.0176V16.1443C10.1935 16.1545 10.1574 16.1595 10.1099 16.1595Z" fill="white"/>
<path d="M12.1354 16.1472V15.2274C12.1354 15.0273 12.0112 14.8971 11.7632 14.8971C11.627 14.8971 11.5081 14.9223 11.4319 14.9522V16.1472H11.2825V14.8675C11.407 14.8119 11.5763 14.7751 11.7632 14.7751C12.1022 14.7751 12.2849 14.9423 12.2849 15.2201V16.1472H12.1354V16.1472Z" fill="white"/>
<path d="M13.2425 14.8922C12.9744 14.8922 12.8103 15.1099 12.8026 15.4397L13.6242 15.3221C13.6229 15.0299 13.4711 14.8922 13.2425 14.8922ZM13.7665 15.4121L12.8103 15.5525C12.8307 15.8823 13.0182 16.0496 13.3059 16.0496C13.4424 16.0496 13.5892 16.0147 13.676 15.9652L13.7267 16.0798C13.6348 16.1323 13.4732 16.1727 13.3006 16.1727C12.9114 16.1727 12.6659 15.9295 12.6659 15.4722C12.6659 15.0569 12.886 14.7749 13.2425 14.7749C13.5589 14.7749 13.7686 14.9769 13.7686 15.3321C13.7686 15.3576 13.7686 15.3825 13.7665 15.4121Z" fill="white"/>
<path d="M14.5694 16.1595C14.3679 16.1595 14.224 16.0496 14.224 15.8221V14.9126H14.0114V14.8H14.224V14.4645L14.3679 14.4097V14.8H14.6763V14.9126H14.3679V15.8174C14.3679 15.9672 14.4717 16.0299 14.5927 16.0299C14.624 16.0299 14.6567 16.0249 14.6763 16.0176V16.1443C14.6535 16.1545 14.6185 16.1595 14.5694 16.1595Z" fill="white"/>
<path d="M16.3987 16.1472H16.2468L15.9378 15.1298C15.9285 15.1002 15.9084 15.0149 15.8954 14.9496H15.8906C15.8826 14.9897 15.8675 15.065 15.8468 15.1298L15.5388 16.1472H15.3873L14.9641 14.8H15.1136L15.417 15.8122C15.4374 15.8825 15.455 15.9748 15.4611 16.0076H15.4658C15.4701 15.9819 15.4913 15.8898 15.5136 15.8122L15.8165 14.8H15.9686L16.2729 15.8122C16.2976 15.8972 16.3159 15.9819 16.3209 16.0076H16.3257C16.3307 15.9795 16.3456 15.8972 16.3708 15.8122L16.6727 14.8H16.8213L16.3987 16.1472Z" fill="white"/>
<path d="M17.6279 14.8971C17.3473 14.8971 17.2154 15.1424 17.2154 15.4722C17.2154 15.802 17.3473 16.0473 17.6279 16.0473C17.909 16.0473 18.0402 15.802 18.0402 15.4722C18.0402 15.1424 17.909 14.8971 17.6279 14.8971ZM17.6279 16.1726C17.2584 16.1726 17.0662 15.8699 17.0662 15.4722C17.0662 15.0747 17.2584 14.7749 17.6279 14.7749C17.9972 14.7749 18.1888 15.0747 18.1888 15.4722C18.1888 15.8699 17.9972 16.1726 17.6279 16.1726Z" fill="white"/>
<path d="M19.1318 14.9071C19.102 14.9024 19.0659 14.8998 19.0306 14.8998C18.922 14.8998 18.7986 14.92 18.7269 14.9523V16.1472H18.578V14.8675C18.6927 14.8119 18.879 14.7749 19.0484 14.7749C19.1042 14.7749 19.1525 14.7773 19.1652 14.7796L19.1318 14.9071Z" fill="white"/>
<path d="M20.3309 16.1471L19.6428 15.4499H19.6375V16.1471H19.4939V14.1846H19.6375V15.4299H19.6428L20.298 14.8H20.4851L19.8167 15.4425L20.5183 16.1471H20.3309Z" fill="white"/>
<path d="M0.913596 14.8971C0.809799 14.8971 0.697507 14.9223 0.650519 14.9475V16.0032C0.695648 16.0202 0.814046 16.0433 0.908021 16.0433C1.22791 16.0433 1.39648 15.7904 1.39648 15.4551C1.39648 15.1222 1.22472 14.8971 0.913596 14.8971ZM0.91572 16.1658C0.809799 16.1658 0.703347 16.1459 0.650519 16.1254V16.6863H0.5V14.8675C0.584418 14.8198 0.75352 14.7749 0.91041 14.7749C1.31312 14.7749 1.5462 15.0501 1.5462 15.4551C1.5462 15.8655 1.3187 16.1658 0.91572 16.1658Z" fill="white"/>
</svg>
