<svg width="51" height="24" viewBox="0 0 51 24" fill="none" xmlns="http://www.w3.org/2000/svg">
<g clip-path="url(#clip0_11902_4683)">
<path fill-rule="evenodd" clip-rule="evenodd" d="M0.317301 8.34074C0.38505 8.32599 0.970425 8.31911 2.17702 8.31885C3.2923 8.31865 3.73998 8.33022 3.90591 8.36375C3.9473 8.37208 4.02245 8.38715 4.07298 8.39727C4.12351 8.40739 4.20995 8.42683 4.26508 8.44051C4.32021 8.4542 4.39911 8.47185 4.44049 8.47972C4.48181 8.48766 4.53821 8.50584 4.56578 8.52026C4.59334 8.53467 4.63092 8.54651 4.64928 8.54664C4.66763 8.54677 4.70521 8.56165 4.73278 8.57977C4.76035 8.59788 4.79279 8.61276 4.8048 8.61276C4.85092 8.61302 5.11378 8.74937 5.3008 8.87004C5.47221 8.98059 5.84086 9.35808 5.90714 9.49072C5.91855 9.51353 5.94612 9.562 5.96848 9.59843C5.99077 9.63486 6.01366 9.67586 6.01934 9.68948C6.02494 9.70317 6.0433 9.74416 6.06005 9.7806C6.11218 9.89366 6.15877 10.0261 6.17072 10.0953C6.177 10.1318 6.19008 10.1765 6.19982 10.1947C6.23306 10.2569 6.26644 10.6084 6.26597 10.8903C6.26537 11.2043 6.2402 11.4858 6.20369 11.586C6.19041 11.6224 6.17212 11.6895 6.16311 11.7351C6.13468 11.8788 6.04056 12.1026 5.91227 12.3314C5.83545 12.4683 5.75829 12.5621 5.55738 12.7619C5.39905 12.9196 5.32863 12.9774 5.18653 13.0668C5.11978 13.1086 5.05057 13.1522 5.03268 13.1636C5.01472 13.1751 4.98128 13.1921 4.95832 13.2016C4.90332 13.2241 4.78164 13.2804 4.70441 13.319C4.67044 13.3361 4.63059 13.35 4.61591 13.35C4.60122 13.35 4.56625 13.3617 4.53828 13.3761C4.51024 13.3904 4.45237 13.4084 4.40966 13.4161C4.36687 13.4238 4.29805 13.4414 4.25674 13.4552C4.13072 13.4973 3.90771 13.536 3.70547 13.5506C3.59981 13.5583 3.48507 13.5726 3.45049 13.5822C3.41372 13.5926 3.24752 13.5989 3.05068 13.5973C2.7417 13.5949 2.712 13.5973 2.69144 13.6251C2.67335 13.6498 2.66928 13.8434 2.67022 14.6475C2.67082 15.1933 2.66841 15.6427 2.66481 15.6463C2.6574 15.6536 0.312295 15.6561 0.306087 15.6486C0.303951 15.6461 0.296743 14.0027 0.290201 11.9966C0.286263 10.7808 0.282258 9.56504 0.27832 8.34927C0.291269 8.34642 0.304285 8.34358 0.317301 8.34074ZM3.84464 10.7993C3.83997 10.7856 3.82555 10.7509 3.81253 10.7222C3.79965 10.6935 3.78904 10.6592 3.78904 10.6461C3.78904 10.6143 3.59841 10.4349 3.5647 10.4349C3.55021 10.4349 3.5103 10.4199 3.47599 10.4017C3.44168 10.3835 3.39383 10.3686 3.3696 10.3686C3.3453 10.3686 3.29431 10.3577 3.25613 10.3443C3.21801 10.331 3.08966 10.315 2.97091 10.3088C2.78462 10.2991 2.74911 10.3012 2.7124 10.3251C2.69818 10.3344 2.68403 10.3436 2.66982 10.3528C2.66982 10.5506 2.66982 10.7483 2.66982 10.9461C2.66982 11.4999 2.67189 11.5413 2.70039 11.5669C2.7407 11.603 3.03386 11.604 3.18764 11.5685C3.24738 11.5547 3.33008 11.5368 3.3714 11.5288C3.55702 11.4929 3.75586 11.3226 3.81827 11.1459C3.85385 11.045 3.86753 10.8658 3.84464 10.7993Z" fill="white"/>
<path fill-rule="evenodd" clip-rule="evenodd" d="M6.75391 8.35341C6.76306 8.34997 7.29303 8.34904 7.93154 8.35142C8.31854 8.35281 8.70554 8.35427 9.09248 8.35566C9.09528 9.22634 9.09808 10.097 9.10082 10.9677C9.10763 13.0803 9.11337 13.5839 9.13092 13.6013C9.14828 13.6185 9.41326 13.6234 10.4589 13.6264C10.8944 13.6276 11.3297 13.6289 11.7652 13.63C11.7666 13.9532 11.768 14.2764 11.7695 14.5995C11.7729 15.37 11.7695 15.5688 11.7528 15.5679C11.7413 15.5674 11.0928 15.5711 10.3119 15.576C8.74586 15.5864 6.76072 15.5897 6.75338 15.582C6.75077 15.5794 6.74603 13.9534 6.7429 11.9685C6.73909 9.57269 6.74283 8.35764 6.75391 8.35341Z" fill="white"/>
<path fill-rule="evenodd" clip-rule="evenodd" d="M11.6026 6.05512C11.8163 5.9031 11.8566 5.87474 11.9575 5.80538C12.0171 5.76431 12.1226 5.68973 12.1914 5.63954C12.2602 5.58942 12.3656 5.51484 12.4252 5.47391C12.4849 5.43298 12.5903 5.35846 12.6591 5.30828C12.7279 5.25816 12.8333 5.18351 12.893 5.14244C12.9526 5.10145 13.0381 5.04181 13.0827 5.01C13.1803 4.94051 13.215 4.93767 13.2422 4.99691C13.2775 5.07381 13.4475 5.3211 13.524 5.40673C13.6852 5.58731 13.943 5.74521 14.1311 5.7786C14.1805 5.78732 14.251 5.80233 14.2877 5.81186C14.3835 5.83678 14.5214 5.83394 14.6113 5.80538C14.6538 5.79176 14.7226 5.77668 14.764 5.77179C14.8203 5.76517 14.8594 5.746 14.9185 5.69581C14.987 5.63776 14.9977 5.62024 14.9977 5.56628C14.9977 5.51755 14.985 5.49097 14.9402 5.44521C14.8751 5.37869 14.7388 5.28348 14.7087 5.28335C14.6977 5.28335 14.6641 5.26847 14.634 5.25022C14.604 5.23204 14.5664 5.21716 14.5505 5.21709C14.5346 5.21709 14.4971 5.20222 14.467 5.18403C14.4369 5.16578 14.3951 5.15097 14.3744 5.15097C14.3536 5.15097 14.3072 5.13603 14.2711 5.11785C14.2349 5.0996 14.1899 5.08472 14.1708 5.08472C14.1518 5.08472 14.1067 5.06978 14.0706 5.05159C14.0345 5.03334 13.9859 5.0184 13.9627 5.0184C13.9393 5.01833 13.8957 5.00346 13.8656 4.98527C13.8356 4.96709 13.796 4.95221 13.7778 4.95221C13.7596 4.95221 13.7166 4.93727 13.6824 4.91909C13.6482 4.90084 13.6087 4.88589 13.5947 4.88589C13.5808 4.88583 13.5462 4.87181 13.518 4.85468C13.4896 4.83756 13.4427 4.81832 13.4136 4.81203C13.3846 4.80569 13.3607 4.79392 13.3607 4.78592C13.3607 4.77785 13.3306 4.76238 13.2939 4.75147C13.2571 4.74056 13.2271 4.72568 13.2271 4.71834C13.2271 4.71107 13.197 4.69612 13.1602 4.68521C13.1235 4.6743 13.0934 4.65982 13.0934 4.65308C13.0934 4.64627 13.0723 4.63344 13.0464 4.62451C13.0207 4.61559 12.9372 4.56646 12.8611 4.51522C12.7847 4.46404 12.7187 4.42218 12.7144 4.42218C12.7014 4.42218 12.5791 4.31004 12.4077 4.14077C12.2636 3.99861 12.0745 3.75165 12.0745 3.70569C12.0745 3.69584 12.0638 3.67594 12.0507 3.66159C12.0377 3.64717 12.0157 3.60558 12.002 3.56915C11.9881 3.53272 11.9569 3.45073 11.9323 3.38699C11.9077 3.32318 11.8772 3.21514 11.8645 3.14677C11.8516 3.07846 11.8338 2.98907 11.8249 2.94807C11.7992 2.83044 11.8032 2.37169 11.8306 2.27608C11.8436 2.23118 11.8589 2.15713 11.865 2.11157C11.871 2.06608 11.8902 1.99149 11.9076 1.946C11.9251 1.90044 11.9593 1.81098 11.9839 1.74724C12.0084 1.68343 12.0342 1.62756 12.0412 1.623C12.0482 1.61844 12.0659 1.58862 12.0806 1.55675C12.1167 1.47819 12.1346 1.45188 12.2438 1.31692C12.3473 1.18924 12.5627 0.977985 12.6674 0.901549C12.7042 0.874704 12.7441 0.843495 12.7563 0.832122C12.7685 0.820683 12.7851 0.811426 12.7932 0.811426C12.8013 0.811426 12.8328 0.794631 12.8634 0.774133C12.9503 0.715682 13.3072 0.546742 13.3458 0.545816C13.3585 0.545485 13.3991 0.530872 13.4358 0.513284C13.4726 0.49563 13.5223 0.481017 13.5466 0.480686C13.5707 0.480356 13.6184 0.46852 13.6526 0.45437C13.6869 0.44022 13.7722 0.421706 13.8426 0.413242C13.9129 0.404779 14.0305 0.38686 14.104 0.373305C14.2883 0.339451 14.8418 0.339848 15.0228 0.373967C15.0963 0.387852 15.2139 0.405639 15.2841 0.413507C15.3545 0.421442 15.4349 0.439625 15.4629 0.453973C15.491 0.468388 15.5349 0.48029 15.5606 0.480488C15.5864 0.480686 15.6401 0.49563 15.6802 0.513615C15.7203 0.531666 15.7639 0.546411 15.7773 0.546411C15.8012 0.546411 15.9674 0.616103 16.0166 0.646783C16.0303 0.655379 16.0604 0.66986 16.0834 0.678918C16.1065 0.687977 16.1366 0.70292 16.1503 0.712045C16.164 0.72117 16.1904 0.735188 16.2087 0.743188C16.318 0.790796 16.6108 1.00966 16.7685 1.16167C16.9239 1.31144 17.0966 1.53803 17.2655 1.8135C17.3067 1.88094 17.353 1.97754 17.352 1.9946C17.3515 2.00432 17.2984 2.04948 17.2339 2.09504C17.1694 2.1406 17.061 2.22074 16.9928 2.27311C16.9249 2.32547 16.8647 2.36832 16.8594 2.36832C16.854 2.36832 16.8095 2.39999 16.7603 2.43874C16.6708 2.50916 16.6486 2.52569 16.5472 2.59703C16.4118 2.69198 16.0335 2.96923 15.9564 3.02993C15.9094 3.06689 15.8643 3.09718 15.8561 3.09731C15.848 3.09737 15.8 3.13407 15.7494 3.1787C15.6713 3.2478 15.6602 3.26453 15.6759 3.28999C15.6859 3.30652 15.716 3.3249 15.7427 3.33085C15.8207 3.34831 16.2465 3.57265 16.3914 3.6727C16.4343 3.70225 16.4739 3.72652 16.4792 3.72652C16.4915 3.72652 16.6497 3.8581 16.7573 3.95794C16.8557 4.04919 17.0523 4.27956 17.0523 4.30369C17.0523 4.31328 17.062 4.3271 17.074 4.33437C17.0971 4.34852 17.2528 4.65182 17.2528 4.6827C17.2528 4.69282 17.2636 4.72218 17.2768 4.74796C17.2989 4.79081 17.3301 4.90639 17.3725 5.10125C17.3938 5.19898 17.3941 5.78402 17.373 5.8797C17.3351 6.05075 17.287 6.21678 17.2705 6.23318C17.2608 6.24283 17.2528 6.26545 17.2528 6.2835C17.2528 6.31887 17.1143 6.60002 17.0758 6.64294C17.0628 6.65728 17.0523 6.67481 17.0523 6.68175C17.0523 6.69332 16.9273 6.86398 16.8754 6.92322C16.7802 7.03199 16.4227 7.33728 16.3907 7.33728C16.3839 7.33728 16.3666 7.34779 16.352 7.36055C16.3376 7.37338 16.2542 7.41847 16.167 7.46073C16.0798 7.50304 15.9806 7.55217 15.9465 7.56996C15.9126 7.58775 15.8708 7.60229 15.8538 7.60229C15.8367 7.60229 15.8145 7.61056 15.8043 7.62067C15.7942 7.63079 15.7457 7.64897 15.6966 7.66107C15.6475 7.67317 15.5773 7.6944 15.5406 7.70822C15.5038 7.72204 15.454 7.73367 15.4299 7.73407C15.4058 7.73447 15.3607 7.74525 15.3296 7.75794C15.2987 7.7707 15.2169 7.78598 15.148 7.79193C15.0792 7.79788 14.9889 7.80641 14.9476 7.8109C14.6728 7.84092 14.4017 7.84945 14.2042 7.83425C13.8615 7.80786 13.6855 7.78565 13.6101 7.75926C13.5717 7.74577 13.5213 7.7348 13.4985 7.7348C13.4524 7.7348 13.2095 7.66094 13.1435 7.62689C13.1205 7.61505 13.0739 7.60011 13.0398 7.59376C13.0055 7.58741 12.9693 7.57234 12.9593 7.56024C12.9491 7.54807 12.9192 7.53346 12.893 7.52777C12.8668 7.52202 12.8367 7.50714 12.8262 7.49465C12.8156 7.48215 12.7852 7.46714 12.7583 7.46126C12.7316 7.45544 12.7052 7.44367 12.6999 7.43514C12.6945 7.42661 12.6663 7.40822 12.6371 7.39434C12.37 7.26752 12.0167 6.96243 11.8292 6.69676C11.7313 6.5581 11.6867 6.48815 11.6628 6.43571C11.65 6.40774 11.6325 6.37369 11.6238 6.36007C11.5959 6.31623 11.5232 6.15046 11.5232 6.13069C11.5232 6.12018 11.559 6.08619 11.6026 6.05512ZM15.527 3.0292C15.3578 2.78198 15.351 2.77318 15.2451 2.66891C15.1163 2.54222 15.0993 2.5288 15.0045 2.4802C14.8567 2.40416 14.7483 2.37658 14.5968 2.37658C14.4758 2.37658 14.4406 2.3834 14.3589 2.42254C14.2104 2.49375 14.1701 2.60523 14.2607 2.69503C14.3082 2.74204 14.4677 2.82595 14.6469 2.89802C14.6975 2.91838 14.7709 2.94913 14.8102 2.96639C14.8496 2.98365 14.8948 2.99773 14.9108 2.99773C14.927 2.99773 14.9551 3.00804 14.9731 3.02067C14.9913 3.0333 15.0324 3.05162 15.0647 3.0614C15.2269 3.11086 15.3725 3.16614 15.5035 3.2281C15.5688 3.25898 15.6499 3.25646 15.6482 3.22353C15.6477 3.21322 15.5932 3.12581 15.527 3.0292Z" fill="white"/>
<path fill-rule="evenodd" clip-rule="evenodd" d="M35.6078 18.2113C35.6437 18.1978 36.3353 18.2022 36.3575 18.2161C36.3729 18.2259 36.3789 18.4618 36.3825 19.1986C36.3842 19.522 36.3857 19.8453 36.3874 20.1684C36.4028 20.1905 36.4181 20.2125 36.4335 20.2345C36.4946 20.3218 36.5686 20.3748 36.6764 20.4083C36.7601 20.4342 36.7697 20.4341 36.851 20.4058C36.9642 20.3663 37.0719 20.2699 37.1093 20.1749C37.1362 20.1066 37.1399 20.0086 37.1475 19.1553C37.1503 18.8405 37.1529 18.5259 37.1558 18.2112C37.2839 18.2112 37.4118 18.2112 37.54 18.2112C37.6681 18.2112 37.796 18.2112 37.9242 18.2112C37.9257 18.5341 37.9273 18.8571 37.9289 19.1801C37.9332 20.1114 37.9322 20.1545 37.899 20.2898C37.8243 20.5946 37.6651 20.8341 37.4401 20.9802C37.4032 21.0042 37.3526 21.0375 37.3277 21.0544C37.3028 21.0711 37.2747 21.0849 37.2655 21.0849C37.2562 21.0849 37.2164 21.0991 37.1772 21.1167C36.8999 21.2399 36.522 21.2197 36.2147 21.0652C36.0107 20.9626 35.7464 20.6981 35.7024 20.5522C35.696 20.5309 35.6808 20.4977 35.6686 20.4785C35.6051 20.3786 35.599 20.2514 35.5898 18.8614C35.5864 18.3393 35.5898 18.2183 35.6078 18.2113Z" fill="white"/>
<path fill-rule="evenodd" clip-rule="evenodd" d="M35.8195 15.3845C35.9251 15.3832 36.021 15.3814 36.0325 15.3804C36.044 15.3795 36.0624 15.4123 36.0732 15.4533C36.0843 15.4942 36.1047 15.5576 36.1186 15.594C36.1324 15.6305 36.1441 15.6773 36.1446 15.6984C36.1449 15.7193 36.1556 15.7566 36.1683 15.7812C36.181 15.8057 36.1969 15.8596 36.2035 15.9004C36.2101 15.9414 36.226 15.9974 36.2386 16.0247C36.2513 16.052 36.269 16.108 36.2779 16.1489C36.2868 16.1898 36.3057 16.2642 36.3198 16.314C36.334 16.3639 36.3457 16.4244 36.3457 16.4487C36.3457 16.5045 36.3838 16.5365 36.4354 16.5236C36.4742 16.514 36.4947 16.4744 36.4964 16.4057C36.4969 16.3874 36.5118 16.3427 36.5295 16.3063C36.5472 16.2699 36.5622 16.2251 36.5629 16.2069C36.5636 16.1887 36.5786 16.144 36.5963 16.1075C36.614 16.0711 36.6291 16.0263 36.6297 16.0081C36.6304 15.9899 36.6454 15.9452 36.6631 15.9088C36.6808 15.8723 36.6957 15.8276 36.696 15.8094C36.6963 15.7911 36.7079 15.7549 36.7218 15.7288C36.7531 15.6691 36.7535 15.6045 36.7228 15.5427C36.7096 15.5163 36.6963 15.4723 36.6935 15.445C36.6917 15.4284 36.69 15.4119 36.6882 15.3953C36.7498 15.3938 36.8114 15.3922 36.8729 15.3906C36.9346 15.3892 36.9962 15.3875 37.0578 15.386C37.0699 15.4123 37.0821 15.4388 37.0942 15.4652C37.1141 15.5087 37.1385 15.5813 37.1482 15.6265C37.158 15.6717 37.1724 15.7164 37.1803 15.7259C37.1881 15.7353 37.1996 15.773 37.2058 15.8094C37.2118 15.8458 37.2268 15.898 37.2389 15.9253C37.2509 15.9527 37.2683 16.0048 37.2775 16.0413C37.2867 16.0777 37.3022 16.1299 37.3121 16.1572C37.3548 16.2765 37.3849 16.3775 37.3968 16.4438C37.4129 16.5325 37.4394 16.5632 37.4706 16.5292C37.5035 16.4934 37.5651 16.3333 37.5653 16.2834C37.5653 16.2595 37.5763 16.2191 37.5897 16.1936C37.603 16.1683 37.6225 16.1015 37.6328 16.0454C37.6429 15.9892 37.662 15.9228 37.6751 15.8978C37.6881 15.8728 37.6987 15.8329 37.6987 15.8091C37.6987 15.7853 37.7133 15.7308 37.731 15.6883C37.7487 15.6455 37.7678 15.577 37.7732 15.5361C37.792 15.4002 37.812 15.3887 38.0328 15.3869C38.1384 15.3859 38.2343 15.3855 38.2458 15.386C38.2739 15.3873 38.2722 15.438 38.243 15.4794C38.23 15.4978 38.2141 15.5424 38.2078 15.5783C38.2014 15.6143 38.1862 15.6595 38.1742 15.6785C38.1621 15.6977 38.1471 15.7425 38.1408 15.7779C38.1344 15.8135 38.1194 15.8582 38.1074 15.8773C38.0953 15.8965 38.0803 15.9412 38.0739 15.9767C38.0676 16.0122 38.0526 16.057 38.0406 16.0761C38.0285 16.0952 38.0135 16.14 38.0071 16.1754C38.0008 16.211 37.9858 16.2558 37.9738 16.2748C37.9617 16.294 37.9466 16.3388 37.9403 16.3742C37.934 16.4098 37.9189 16.4545 37.9069 16.4736C37.8949 16.4927 37.8798 16.5375 37.8735 16.573C37.8672 16.6085 37.8521 16.6532 37.8401 16.6723C37.828 16.6915 37.8129 16.7362 37.8063 16.7717C37.8 16.8073 37.7833 16.8587 37.7694 16.886C37.7556 16.9133 37.7387 16.9469 37.7322 16.9605C37.7255 16.9741 37.7116 16.9845 37.7011 16.9837C37.6906 16.9827 37.5808 16.9809 37.4569 16.9795C37.3819 16.9787 37.3069 16.9779 37.2318 16.9771C37.2207 16.9526 37.2094 16.928 37.1979 16.9034C37.1795 16.863 37.1642 16.8182 37.1642 16.804C37.1642 16.7898 37.1492 16.7503 37.1308 16.7164C37.1124 16.6824 37.0974 16.641 37.0974 16.6246C37.0974 16.6081 37.0861 16.573 37.0724 16.5464C37.0586 16.5201 37.0393 16.4616 37.0296 16.4167C37.0107 16.3293 36.9486 16.2544 36.9078 16.2699C36.8944 16.2749 36.8782 16.3112 36.8716 16.3507C36.8651 16.3901 36.8521 16.4368 36.8425 16.4545C36.833 16.4724 36.8158 16.5208 36.8039 16.5622C36.7923 16.6036 36.7625 16.6897 36.7381 16.7535C36.7136 16.8172 36.6897 16.8899 36.6848 16.9151C36.68 16.9403 36.6683 16.9656 36.659 16.9715C36.6314 16.9883 36.1563 16.9764 36.1343 16.9584C36.1232 16.9492 36.1065 16.9067 36.0973 16.8638C36.088 16.821 36.0688 16.7637 36.0546 16.7365C36.0402 16.7094 36.0282 16.6723 36.0279 16.6541C36.0275 16.6358 36.0126 16.5911 35.995 16.5547C35.9772 16.5183 35.9622 16.4736 35.9615 16.4553C35.9608 16.4371 35.9458 16.3924 35.9281 16.3559C35.9104 16.3195 35.8954 16.2748 35.8947 16.2566C35.894 16.2384 35.879 16.1936 35.8613 16.1572C35.8436 16.1207 35.8286 16.0761 35.8279 16.0578C35.8272 16.0396 35.8122 15.9949 35.7945 15.9584C35.7768 15.922 35.7617 15.8773 35.7611 15.859C35.7604 15.8409 35.7454 15.7961 35.7277 15.7597C35.7099 15.7232 35.6949 15.6785 35.6943 15.6603C35.6936 15.6421 35.6786 15.5973 35.6608 15.5609C35.6431 15.5245 35.6282 15.4705 35.6279 15.4408C35.6278 15.423 35.6276 15.4049 35.6274 15.387C35.6914 15.3862 35.7555 15.3853 35.8195 15.3845Z" fill="white"/>
<path fill-rule="evenodd" clip-rule="evenodd" d="M38.5339 18.2358C38.5656 18.2043 38.5895 18.2026 39.0104 18.2026C39.4174 18.2026 39.4544 18.205 39.4641 18.2317C39.47 18.2475 39.4886 18.2803 39.5054 18.3045C39.5223 18.3287 39.5361 18.3586 39.5361 18.3708C39.5363 18.383 39.555 18.4298 39.5779 18.4747C39.601 18.5195 39.6196 18.5689 39.6196 18.5844C39.6196 18.6 39.631 18.622 39.6447 18.6333C39.6584 18.6446 39.6698 18.6626 39.6698 18.6732C39.6698 18.6838 39.6848 18.7218 39.7032 18.7575C39.7216 18.7933 39.7366 18.8296 39.7366 18.838C39.7366 18.8467 39.7559 18.8953 39.7797 18.9464C39.8033 18.9974 39.8326 19.0615 39.8449 19.0888C39.857 19.1161 39.8828 19.1724 39.902 19.2142C39.9213 19.2558 39.937 19.2967 39.937 19.3053C39.937 19.3137 39.9514 19.3505 39.9691 19.3869C39.9866 19.4234 40.0254 19.5035 40.0552 19.565C40.1099 19.6786 40.125 19.693 40.149 19.6561C40.1566 19.6447 40.1664 19.3149 40.1709 18.9232C40.1737 18.6858 40.1764 18.4483 40.1793 18.211C40.2943 18.2094 40.4093 18.208 40.5243 18.2065C40.8217 18.2026 40.8732 18.2056 40.8961 18.2284C40.9199 18.252 40.9226 18.3984 40.9226 19.6768C40.9226 20.9475 40.9198 21.1015 40.8964 21.1249C40.874 21.1471 40.8132 21.1509 40.4883 21.1509C40.361 21.1509 40.2337 21.1509 40.1066 21.1509C40.0949 21.1363 40.0833 21.1218 40.0719 21.1074C40.0528 21.0833 40.0373 21.0527 40.0373 21.0394C40.0373 21.0262 40.0222 20.9964 40.0038 20.9732C39.9855 20.95 39.9705 20.9218 39.9705 20.9106C39.9705 20.8991 39.951 20.8462 39.9272 20.7926C39.9035 20.7391 39.8726 20.6694 39.8583 20.6374C39.8443 20.6055 39.8186 20.552 39.8014 20.5182C39.7842 20.4846 39.7698 20.4473 39.7697 20.4354C39.7695 20.4236 39.7546 20.3953 39.7366 20.3724C39.7186 20.3496 39.7037 20.3176 39.7035 20.3012C39.7032 20.2729 39.6915 20.2467 39.6053 20.0793C39.5856 20.041 39.5695 19.997 39.5695 19.9812C39.5695 19.9655 39.5588 19.941 39.5458 19.9266C39.5239 19.9024 39.5118 19.8744 39.4416 19.6851C39.4115 19.6039 39.3284 19.5035 39.3036 19.5186C39.2911 19.5263 39.2856 19.77 39.2856 20.3204C39.2856 20.9134 39.2806 21.1161 39.2656 21.131C39.2513 21.1451 39.1479 21.1509 38.9064 21.1509C38.5895 21.1509 38.5651 21.1487 38.5339 21.1178C38.501 21.0851 38.5005 21.0627 38.5005 19.6768C38.5005 18.291 38.501 18.2684 38.5339 18.2358Z" fill="white"/>
<path fill-rule="evenodd" clip-rule="evenodd" d="M38.5631 16.1742C38.5658 15.7371 38.5742 15.4065 38.583 15.3977C38.6007 15.3802 38.9203 15.3826 38.9385 15.4005C38.9452 15.407 38.9512 15.7624 38.952 16.1904C38.9525 16.4498 38.953 16.7092 38.9536 16.9685C38.8942 16.9714 38.8351 16.974 38.7758 16.9769C38.6109 16.9845 38.5448 16.9757 38.5547 16.947C38.5568 16.9408 38.5607 16.5929 38.5631 16.1742Z" fill="white"/>
<path fill-rule="evenodd" clip-rule="evenodd" d="M39.2703 15.4162C39.286 15.3895 39.3331 15.3872 39.8778 15.3872C40.0746 15.3872 40.2715 15.3872 40.4683 15.3872C40.4706 15.4383 40.473 15.4894 40.4751 15.5404C40.479 15.6247 40.4763 15.7004 40.4691 15.7089C40.4619 15.7172 40.3818 15.7246 40.2911 15.7254C40.1753 15.7264 40.1175 15.7337 40.0976 15.7501C40.0717 15.7713 40.0694 15.8271 40.0716 16.3692C40.0731 16.7479 40.0679 16.9688 40.0574 16.9753C40.0482 16.9809 39.9613 16.9832 39.8645 16.9804C39.8057 16.9786 39.7467 16.977 39.6879 16.9751C39.6851 16.8113 39.6822 16.6473 39.6792 16.4835C39.6672 15.8018 39.6646 15.7678 39.6264 15.7398C39.6052 15.7244 39.5531 15.7175 39.4694 15.7188C39.4006 15.72 39.3234 15.7203 39.2982 15.7197C39.2828 15.7193 39.2676 15.7188 39.2522 15.7185C39.2524 15.6729 39.2525 15.6274 39.2527 15.5818C39.2531 15.5066 39.2609 15.4321 39.2703 15.4162Z" fill="white"/>
<path fill-rule="evenodd" clip-rule="evenodd" d="M40.8349 16.1607C40.8364 15.9023 40.8379 15.6441 40.8394 15.3858C40.9021 15.3874 40.9645 15.3889 41.0271 15.3905C41.0898 15.392 41.1523 15.3937 41.2149 15.3951C41.2164 15.4917 41.2179 15.5885 41.2193 15.685C41.2231 15.9338 41.2278 15.9779 41.2517 15.9956C41.2904 16.0241 41.8092 16.0249 41.838 15.9964C41.852 15.9825 41.858 15.8932 41.8584 15.7024C41.8584 15.5517 41.8642 15.4193 41.8712 15.4086C41.8851 15.3871 42.2249 15.3743 42.2572 15.3941C42.2815 15.4089 42.2835 16.9715 42.2592 16.9797C42.2502 16.9827 42.1564 16.9829 42.0505 16.9801C41.9863 16.9784 41.9222 16.9766 41.858 16.975C41.858 16.8767 41.858 16.7785 41.858 16.6803C41.858 16.301 41.8823 16.3269 41.5325 16.3339C41.2961 16.3388 41.2684 16.3424 41.247 16.3714C41.2286 16.3962 41.2233 16.469 41.2233 16.6893C41.2233 16.7845 41.2233 16.8796 41.2233 16.9748C41.1643 16.9766 41.1055 16.9783 41.0465 16.9801C40.8818 16.9849 40.8167 16.9751 40.8264 16.9471C40.8286 16.9409 40.8324 16.5869 40.8349 16.1607Z" fill="white"/>
<path fill-rule="evenodd" clip-rule="evenodd" d="M41.5441 18.2285C41.5747 18.2073 41.6394 18.2026 41.9083 18.2026C42.1405 18.2026 42.2412 18.2085 42.2554 18.2225C42.2845 18.2514 42.2845 21.1022 42.2554 21.131C42.241 21.1453 42.1366 21.1509 41.8913 21.1509C41.6458 21.1509 41.5415 21.1453 41.5271 21.131C41.5119 21.1159 41.5071 20.7716 41.5071 19.6828C41.5071 19.2066 41.5071 18.7304 41.5071 18.2541C41.5194 18.2456 41.5318 18.2371 41.5441 18.2285Z" fill="white"/>
<path fill-rule="evenodd" clip-rule="evenodd" d="M42.8864 18.2394C42.8951 18.2272 42.9036 18.2149 42.9123 18.2026C43.1811 18.2026 43.4498 18.2026 43.7186 18.2026C43.9874 18.2026 44.2561 18.2026 44.5249 18.2026C44.5663 18.2169 44.6076 18.2311 44.649 18.2456C44.7172 18.2691 44.7848 18.2989 44.7994 18.3118C44.8139 18.3246 44.8341 18.3351 44.8443 18.3351C44.8719 18.3351 45.082 18.5506 45.082 18.579C45.082 18.5922 45.0971 18.6222 45.1154 18.6454C45.1338 18.6686 45.1488 18.7052 45.1488 18.7269C45.1488 18.7486 45.1613 18.811 45.1767 18.8655C45.2053 18.9677 45.2046 18.9782 45.1523 19.2047C45.131 19.298 45.0702 19.4095 45.0017 19.4814C44.9823 19.5017 44.9628 19.5221 44.9433 19.5425C44.9716 19.5731 44.9998 19.6037 45.0282 19.6346C45.1115 19.7249 45.2156 19.8856 45.2156 19.924C45.2156 19.9348 45.2315 19.9783 45.2509 20.0204C45.2823 20.0887 45.2855 20.12 45.2793 20.2971C45.2753 20.4069 45.2639 20.5116 45.2539 20.5298C45.2437 20.548 45.2103 20.6146 45.1796 20.6779C45.1145 20.8115 44.9791 20.9571 44.8565 21.025C44.8106 21.0506 44.7167 21.0893 44.6478 21.1111C44.5229 21.1509 44.5218 21.1509 43.7176 21.1509C43.4491 21.1509 43.1807 21.1509 42.9123 21.1509C42.9036 21.1386 42.8951 21.1264 42.8864 21.1142C42.8634 21.0815 42.8604 20.9175 42.8604 19.6768C42.8604 18.436 42.8634 18.2721 42.8864 18.2394ZM44.4459 18.9066C44.4372 18.8775 44.405 18.8397 44.368 18.8155C44.3079 18.7758 44.2931 18.7739 44.0129 18.7696C43.6231 18.7637 43.6384 18.7549 43.6324 18.9874C43.6292 19.1055 43.6342 19.1748 43.647 19.19C43.6621 19.2082 43.7321 19.213 43.9805 19.213C44.3642 19.213 44.413 19.1988 44.4484 19.0766C44.4668 19.013 44.4663 18.9738 44.4459 18.9066ZM44.5239 20.0309C44.4977 19.9749 44.4569 19.9254 44.4048 19.886C44.3784 19.8659 44.3518 19.8459 44.3255 19.8259C44.2161 19.8259 44.1067 19.8259 43.9972 19.8259C43.764 19.8259 43.663 19.8317 43.6488 19.8458C43.6348 19.8596 43.6287 19.9492 43.6287 20.1427C43.6287 20.3805 43.6328 20.4238 43.657 20.4477C43.6819 20.4725 43.7216 20.4748 44.0049 20.4691C44.3505 20.4621 44.361 20.4596 44.4557 20.3602C44.5085 20.3048 44.5641 20.1967 44.564 20.1498C44.5638 20.1311 44.546 20.0774 44.5239 20.0309Z" fill="white"/>
<path fill-rule="evenodd" clip-rule="evenodd" d="M45.7594 18.2394C45.7681 18.2272 45.7767 18.2149 45.7853 18.2026C46.1217 18.2026 46.4581 18.2026 46.7944 18.2026C47.7749 18.2026 47.804 18.2035 47.8207 18.2346C47.8414 18.2729 47.844 18.7807 47.8236 18.8125C47.8124 18.8301 47.6881 18.8342 47.2016 18.8332C46.7383 18.8322 46.5836 18.837 46.5519 18.8531C46.5113 18.8738 46.5099 18.8798 46.5059 19.0727C46.5036 19.1817 46.5089 19.2823 46.5178 19.2958C46.531 19.3162 46.6 19.3221 46.9062 19.3289C47.0303 19.3318 47.1544 19.3344 47.2785 19.3372C47.2785 19.4394 47.2785 19.5415 47.2785 19.6437C47.2785 19.7458 47.2785 19.8479 47.2785 19.9501C47.1583 19.9529 47.038 19.9555 46.9177 19.9584C46.6434 19.9646 46.5502 19.9721 46.5288 19.9896C46.5046 20.0097 46.5015 20.0445 46.5055 20.2461C46.5101 20.476 46.5106 20.4795 46.5519 20.5003C46.5838 20.5166 46.7443 20.5213 47.2324 20.5205C47.5837 20.5199 47.8787 20.524 47.8881 20.5296C47.9134 20.5452 47.9104 21.1057 47.8849 21.131C47.8696 21.1461 47.6114 21.1509 46.8252 21.1509C46.4786 21.1509 46.1319 21.1509 45.7853 21.1509C45.7767 21.1386 45.7681 21.1264 45.7594 21.1142C45.7364 21.0815 45.7334 20.9175 45.7334 19.6768C45.7334 18.436 45.7364 18.2721 45.7594 18.2394Z" fill="white"/>
<path fill-rule="evenodd" clip-rule="evenodd" d="M48.3188 18.51C48.3219 18.3107 48.3293 18.2254 48.3438 18.2162C48.355 18.2092 48.8692 18.2031 49.4864 18.2031C50.4845 18.2028 50.6114 18.2057 50.6348 18.2289C50.6565 18.2506 50.661 18.3024 50.661 18.5334C50.661 18.7834 50.658 18.8134 50.6318 18.8236C50.6158 18.8299 50.4522 18.8344 50.2685 18.8335C50.0766 18.8326 49.9237 18.8387 49.9094 18.848C49.8875 18.862 49.8838 19.01 49.8805 19.9868C49.8769 21.0247 49.8745 21.1112 49.848 21.1304C49.8111 21.1571 49.1553 21.1598 49.1055 21.1334C49.0728 21.1161 49.0723 21.0986 49.0755 19.9946C49.0765 19.621 49.0775 19.2473 49.0785 18.8736C49.0653 18.8669 49.0521 18.8601 49.0387 18.8531C49.0112 18.839 48.8966 18.8328 48.6625 18.8324C48.4078 18.8322 48.3246 18.8273 48.3201 18.8115C48.3168 18.8001 48.3161 18.6645 48.3188 18.51Z" fill="white"/>
<path fill-rule="evenodd" clip-rule="evenodd" d="M7.57315 23.4037C7.60619 23.3536 7.64798 23.2866 7.66606 23.2547C7.68415 23.2227 7.71699 23.1669 7.73895 23.1305C7.76098 23.094 7.79075 23.0419 7.8051 23.0145C7.81952 22.9872 7.84635 22.9425 7.86477 22.9152C7.88319 22.8878 7.90909 22.8424 7.92231 22.8144C7.93552 22.7864 7.95809 22.7538 7.97237 22.7421C7.98672 22.7303 7.9984 22.7139 7.9984 22.7058C7.9984 22.6902 8.05921 22.5837 8.20038 22.352C8.21707 22.3246 8.26152 22.2501 8.29916 22.1864C8.33681 22.1226 8.38227 22.0481 8.40022 22.0207C8.41811 21.9934 8.44487 21.945 8.45969 21.913C8.47451 21.8811 8.4922 21.8515 8.49907 21.8469C8.50595 21.8422 8.52424 21.8162 8.53966 21.7889C8.55507 21.7615 8.58578 21.7093 8.60794 21.6729C8.63003 21.6365 8.65593 21.5918 8.66541 21.5735C8.67495 21.5553 8.70165 21.5106 8.72488 21.4741C8.74804 21.4377 8.77781 21.3849 8.79103 21.3569C8.80418 21.3289 8.82667 21.2963 8.84102 21.2845C8.8553 21.2727 8.86705 21.2532 8.86705 21.2409C8.86705 21.2207 8.92646 21.121 8.96731 21.073C8.97672 21.0617 8.99227 21.0357 9.00175 21.015C9.01129 20.9941 9.03559 20.9501 9.05581 20.917C9.07604 20.8839 9.12483 20.8019 9.16428 20.7348C9.20379 20.6677 9.25465 20.5831 9.27735 20.5466C9.30004 20.5101 9.32614 20.4654 9.33535 20.4473C9.34456 20.429 9.37427 20.3805 9.4013 20.3395C9.42833 20.2987 9.46197 20.2427 9.47612 20.2154C9.49021 20.188 9.51677 20.1433 9.53519 20.116C9.55362 20.0886 9.58045 20.0439 9.59487 20.0166C9.60922 19.9892 9.63745 19.9397 9.65748 19.9065C9.6775 19.8731 9.72329 19.7948 9.75927 19.7326C9.79524 19.6701 9.83008 19.6155 9.83676 19.6108C9.84343 19.6061 9.86092 19.5765 9.87581 19.5446C9.89049 19.5126 9.91726 19.4642 9.93528 19.4369C9.95317 19.4096 9.99856 19.335 10.0363 19.2712C10.0741 19.2075 10.1194 19.133 10.1371 19.1056C10.1546 19.0783 10.1825 19.0323 10.1989 19.0034C10.2488 18.915 10.3703 18.7109 10.4043 18.6584C10.4472 18.5918 10.4972 18.504 10.5275 18.4418C10.5411 18.4138 10.564 18.3812 10.5782 18.3694C10.5926 18.3576 10.6043 18.3394 10.6043 18.3288C10.6043 18.3183 10.6315 18.269 10.6646 18.2192C10.6978 18.1691 10.7316 18.1135 10.7396 18.0953C10.7475 18.0771 10.7725 18.0323 10.7952 17.9959C10.8177 17.9594 10.8643 17.8811 10.8984 17.822C10.9327 17.7629 10.9665 17.7105 10.9735 17.7057C10.9806 17.7009 10.9948 17.6786 11.005 17.656C11.0152 17.6335 11.0401 17.5878 11.0603 17.5546C11.0805 17.5215 11.1295 17.4395 11.1689 17.3725C11.2085 17.3054 11.2554 17.2282 11.2733 17.2008C11.2913 17.1735 11.3176 17.1288 11.3316 17.1015C11.3456 17.0741 11.3794 17.0181 11.4064 16.9773C11.4335 16.9363 11.4609 16.8914 11.4671 16.8779C11.4831 16.8434 11.5753 16.6854 11.6107 16.6321C11.6269 16.6079 11.6508 16.565 11.664 16.537C11.6774 16.509 11.6999 16.4764 11.7141 16.4646C11.7284 16.4529 11.7402 16.4328 11.7402 16.4203C11.7402 16.4075 11.7669 16.3596 11.7995 16.3137C11.832 16.2677 11.8661 16.2137 11.8755 16.1938C11.8846 16.1738 11.9087 16.1302 11.929 16.0971C11.9491 16.0639 11.9981 15.9819 12.0375 15.9149C12.0771 15.8478 12.1239 15.7706 12.1418 15.7433C12.1596 15.7159 12.1831 15.6751 12.1942 15.6522C12.2052 15.6293 12.2232 15.5995 12.2343 15.5859C12.2453 15.5724 12.2778 15.5167 12.307 15.4622C12.3359 15.4079 12.3696 15.3521 12.382 15.338C12.3943 15.3241 12.4095 15.2959 12.4159 15.2754C12.4222 15.2549 12.4336 15.2382 12.4412 15.2382C12.4489 15.2382 12.4638 15.2176 12.4742 15.1926C12.4847 15.1675 12.5116 15.1172 12.534 15.0808C12.5563 15.0443 12.5841 14.9959 12.5956 14.9731C12.607 14.9503 12.6414 14.8959 12.6718 14.8522C12.7024 14.8083 12.7347 14.7561 12.7441 14.7363C12.7533 14.7162 12.7773 14.6727 12.7975 14.6394C12.9517 14.3854 13.0548 14.2125 13.0773 14.1698C13.087 14.1516 13.1133 14.1069 13.1356 14.0704C13.1582 14.034 13.1874 13.9811 13.2008 13.9531C13.214 13.9252 13.2367 13.8925 13.2509 13.8807C13.2652 13.869 13.277 13.8507 13.277 13.8399C13.277 13.8291 13.2863 13.8111 13.2977 13.7998C13.3172 13.7804 13.419 13.607 13.4644 13.5156C13.4758 13.4927 13.5078 13.4405 13.5359 13.3996C13.5639 13.3587 13.5964 13.3065 13.6081 13.2837C13.6197 13.2608 13.6474 13.2125 13.6697 13.176C13.6919 13.1396 13.7226 13.0874 13.738 13.06C13.7534 13.0327 13.7706 13.0068 13.7763 13.0021C13.7819 12.9974 13.7996 12.9678 13.8158 12.9359C13.8321 12.9039 13.8613 12.8519 13.8808 12.8199C13.9523 12.7035 13.9782 12.6602 14.0454 12.5466C14.0831 12.4829 14.1282 12.4083 14.1459 12.381C14.1635 12.3537 14.1897 12.3089 14.204 12.2816C14.2186 12.2543 14.2486 12.2021 14.2712 12.1657C14.2936 12.1292 14.3213 12.0809 14.3329 12.058C14.3442 12.0352 14.3765 11.983 14.4045 11.9421C14.4326 11.9011 14.465 11.849 14.4766 11.8261C14.4883 11.8033 14.5164 11.7549 14.5388 11.7184C14.5613 11.682 14.5912 11.6298 14.6055 11.6025C14.6196 11.5752 14.6534 11.5192 14.6804 11.4783C14.7075 11.4374 14.7376 11.3888 14.7474 11.3706C14.7573 11.3524 14.7819 11.3104 14.802 11.2773C14.8223 11.2442 14.8712 11.1604 14.9108 11.0913C14.9504 11.0222 14.9898 10.9613 14.9985 10.956C15.0072 10.9506 15.0142 10.9355 15.0142 10.9223C15.0142 10.909 15.0391 10.8629 15.0695 10.8197C15.0997 10.7765 15.1639 10.6741 15.212 10.5921C15.3187 10.4101 15.3296 10.3918 15.3759 10.3188C15.3961 10.287 15.4311 10.2259 15.4538 10.1832C15.4764 10.1405 15.519 10.07 15.5485 10.0267C15.5781 9.98335 15.6093 9.93257 15.6181 9.91392C15.6268 9.89521 15.6505 9.85243 15.6707 9.81884C15.6909 9.78525 15.7662 9.65856 15.838 9.5373C15.91 9.41603 16.0168 9.23856 16.0756 9.14288C16.1343 9.0472 16.1941 8.94663 16.2085 8.91926C16.2229 8.89195 16.2515 8.84236 16.2719 8.8091C16.2921 8.77584 16.3388 8.69841 16.3756 8.63712C16.4123 8.57582 16.4588 8.49866 16.479 8.46573C16.499 8.4328 16.5291 8.38196 16.5458 8.35273C16.5747 8.30201 16.8067 7.90972 16.8767 7.79328C16.924 7.71472 17.0369 7.5276 17.0805 7.45599C17.1008 7.42267 17.127 7.37685 17.1387 7.35403C17.1503 7.33129 17.1827 7.27912 17.2108 7.23812C17.2389 7.19713 17.2713 7.14192 17.283 7.11547C17.2947 7.08902 17.3284 7.02944 17.358 6.98296C17.4385 6.85647 17.4502 6.83676 17.4781 6.78261C17.4921 6.7553 17.537 6.68078 17.578 6.61698C17.6189 6.55324 17.664 6.47872 17.6782 6.45134C17.6922 6.42404 17.7206 6.37431 17.7413 6.34092C17.7619 6.30746 17.8088 6.23037 17.8456 6.16953C17.8823 6.10864 17.929 6.03167 17.9491 5.99841C17.9693 5.96515 17.9956 5.91926 18.0073 5.89652C18.0189 5.87371 18.0514 5.82154 18.0794 5.78054C18.1075 5.73955 18.1397 5.68738 18.1511 5.66463C18.1626 5.64182 18.1903 5.59342 18.2127 5.55699C18.2353 5.52055 18.2657 5.46838 18.2802 5.44101C18.3276 5.35267 18.3492 5.31756 18.3743 5.28794C18.3876 5.27194 18.4077 5.2402 18.4185 5.21739C18.4294 5.19464 18.4456 5.16482 18.4546 5.1512C18.4635 5.13751 18.4955 5.08276 18.5257 5.0296C18.5558 4.97644 18.5956 4.90807 18.614 4.87772C18.6587 4.80373 18.7723 4.61568 18.8174 4.54083C18.8375 4.50757 18.866 4.45798 18.8809 4.43067C18.9272 4.34591 18.9641 4.28448 19.0154 4.20705C19.0424 4.16606 19.0743 4.11389 19.0862 4.09114C19.0982 4.06833 19.1263 4.01993 19.1487 3.98349C19.1711 3.947 19.1964 3.90197 19.2048 3.88339C19.2133 3.86481 19.2322 3.83968 19.2471 3.82751C19.2618 3.81541 19.2738 3.79888 19.2738 3.79082C19.2738 3.77898 19.3724 3.60363 19.4662 3.44851C19.5945 3.23652 19.6546 3.13588 19.6793 3.09211C19.6958 3.06308 19.7275 3.00953 19.7497 2.97309C19.7719 2.93666 19.7996 2.88819 19.8113 2.86545C19.823 2.8427 19.8374 2.82029 19.8432 2.81579C19.8491 2.81123 19.8664 2.78511 19.8819 2.7578C19.8972 2.73049 19.9279 2.67826 19.9501 2.64183C19.9722 2.60539 19.9979 2.55924 20.0071 2.5392C20.0165 2.51924 20.0505 2.46528 20.0831 2.41933C20.1157 2.37337 20.1424 2.32934 20.1424 2.32153C20.1424 2.31366 20.1837 2.24086 20.2341 2.1598C20.2845 2.0788 20.3372 1.99007 20.351 1.96276C20.3649 1.93545 20.3909 1.89069 20.4092 1.86338C20.4274 1.83607 20.4576 1.7876 20.4766 1.75573C20.4957 1.72386 20.5291 1.66792 20.5511 1.63149C20.5732 1.59506 20.6029 1.54289 20.6175 1.51558C20.632 1.48821 20.6774 1.41369 20.7184 1.34995C20.7593 1.28614 20.8044 1.21162 20.8186 1.18431C20.8326 1.15694 20.8625 1.10477 20.8851 1.06833C20.9074 1.0319 20.9355 0.983434 20.9472 0.960688C20.9589 0.937943 20.9731 0.915527 20.9786 0.911031C20.9877 0.903493 21.0156 0.852778 21.0675 0.749629C21.0778 0.729197 21.0904 0.712469 21.0955 0.712403C21.1096 0.712204 21.1665 0.793269 21.212 0.877904C21.234 0.9189 21.2646 0.9673 21.2798 0.98555C21.295 1.00373 21.3191 1.04103 21.3334 1.06833C21.3478 1.09571 21.3713 1.14041 21.3855 1.16771C21.3999 1.19509 21.4305 1.24726 21.4536 1.28369C21.4764 1.32012 21.522 1.39464 21.5547 1.44933C21.5875 1.50394 21.6326 1.57853 21.655 1.61496C21.6774 1.65139 21.724 1.72849 21.7585 1.78635C21.793 1.84414 21.8362 1.91621 21.8546 1.94649C21.873 1.97678 21.9181 2.05103 21.9548 2.1116C21.9915 2.1721 22.035 2.24536 22.0513 2.27439C22.0678 2.30342 22.0995 2.35697 22.1217 2.39341C22.1439 2.42984 22.1716 2.47831 22.1833 2.50105C22.1951 2.52386 22.2094 2.54621 22.2152 2.55078C22.2211 2.55534 22.2384 2.58139 22.2538 2.6087C22.2692 2.63607 22.2999 2.68824 22.3221 2.72468C22.3444 2.76111 22.3721 2.80957 22.3838 2.83232C22.3955 2.85513 22.41 2.87748 22.4159 2.88204C22.4217 2.88654 22.4494 2.93309 22.4775 2.98539C22.5056 3.03763 22.5441 3.10018 22.5632 3.12425C22.5823 3.14838 22.5979 3.17384 22.5979 3.18098C22.5979 3.18799 22.6242 3.23341 22.6564 3.28188C22.6887 3.33028 22.7149 3.37842 22.7149 3.38893C22.7149 3.39938 22.7266 3.41763 22.7409 3.4294C22.7551 3.44117 22.778 3.47376 22.7915 3.5018C22.8053 3.52984 22.8346 3.58267 22.8572 3.6191C22.8795 3.65553 22.9033 3.69653 22.9097 3.71015C22.9161 3.72384 22.934 3.75366 22.9496 3.7764C23.0222 3.88358 23.1002 4.00862 23.1164 4.04393C23.1261 4.06529 23.1523 4.11263 23.1744 4.14913C23.1966 4.18556 23.2304 4.24143 23.2494 4.2733C23.2684 4.30517 23.3022 4.36111 23.3244 4.39755C23.3464 4.43398 23.3727 4.47868 23.3826 4.49693C23.3924 4.51511 23.4225 4.56358 23.4495 4.60457C23.4766 4.64557 23.5103 4.70151 23.5243 4.72881C23.5384 4.75612 23.5646 4.80089 23.5827 4.82819C23.6005 4.8555 23.6459 4.93002 23.6837 4.99383C23.7214 5.05757 23.7651 5.12958 23.7806 5.15378C23.7963 5.17804 23.8579 5.28119 23.9175 5.38309C23.9772 5.48498 24.0412 5.59315 24.0596 5.62344C24.0883 5.67091 24.1167 5.71786 24.2396 5.92138C24.2507 5.93956 24.284 5.99299 24.3142 6.04013C24.3441 6.08721 24.3738 6.13938 24.38 6.15604C24.3863 6.17271 24.404 6.20497 24.4195 6.22779C24.4922 6.3349 24.5702 6.45994 24.5864 6.49525C24.5961 6.51667 24.6223 6.56401 24.6444 6.60045C24.6666 6.63688 24.7002 6.69275 24.7192 6.72469C24.7383 6.75656 24.7683 6.80503 24.7862 6.83233C24.8041 6.85964 24.8321 6.90566 24.8485 6.93449C24.8919 7.01159 25.0174 7.22291 25.0501 7.27449C25.0914 7.33935 25.2431 7.58995 25.2588 7.61905C25.2662 7.63273 25.2888 7.67115 25.309 7.70441C25.3292 7.73767 25.374 7.81219 25.4084 7.87004C25.443 7.92783 25.4896 8.005 25.5121 8.04143C25.5656 8.12798 25.6908 8.3397 25.7183 8.39035C25.7301 8.41224 25.7659 8.46924 25.7976 8.51698C25.8294 8.56472 25.8553 8.61213 25.8553 8.62231C25.8553 8.63256 25.8703 8.65438 25.8887 8.67084C25.907 8.6873 25.9222 8.70899 25.9226 8.71898C25.9228 8.72889 25.9528 8.78166 25.9894 8.83614C26.0258 8.89056 26.0557 8.94214 26.0557 8.95073C26.0557 8.95933 26.0667 8.97837 26.0801 8.99312C26.0934 9.00779 26.1282 9.06373 26.1569 9.11736C26.1858 9.17105 26.2201 9.22533 26.2328 9.23803C26.2456 9.25079 26.2562 9.27069 26.2562 9.28226C26.2562 9.2939 26.2712 9.31691 26.2895 9.33338C26.308 9.34984 26.323 9.37001 26.323 9.37814C26.323 9.39097 26.357 9.45054 26.5151 9.71344C26.5677 9.80092 26.6784 9.98434 26.7192 10.0511C26.7396 10.0845 26.7697 10.1356 26.786 10.1646C26.8122 10.2111 26.8734 10.313 26.9828 10.4922C27.0011 10.5224 27.0485 10.6019 27.0877 10.669C27.1781 10.823 27.1871 10.8377 27.2579 10.9483C27.3336 11.0661 27.3689 11.128 27.3927 11.1843C27.4034 11.2094 27.4172 11.2299 27.4237 11.2299C27.4301 11.2299 27.4602 11.2781 27.4908 11.3371C27.5214 11.396 27.5566 11.4528 27.5694 11.4634C27.5822 11.4738 27.5925 11.4909 27.5925 11.5013C27.5925 11.5119 27.6224 11.5649 27.6588 11.6194C27.6954 11.6739 27.7255 11.7269 27.7256 11.7372C27.726 11.7475 27.737 11.7647 27.75 11.7756C27.7632 11.7863 27.7981 11.8414 27.8275 11.8977C27.8569 11.954 27.9044 12.0373 27.9333 12.0828C28.0053 12.1972 28.0214 12.2233 28.0606 12.2899C28.0792 12.3219 28.1093 12.3702 28.1276 12.3976C28.1457 12.4249 28.1723 12.4696 28.1866 12.497C28.2011 12.5243 28.2308 12.5764 28.2529 12.6129C28.2749 12.6493 28.3083 12.7051 28.3273 12.7371C28.3464 12.769 28.3764 12.8174 28.3943 12.8448C28.4122 12.8721 28.4402 12.9181 28.4566 12.9469C28.506 13.0347 28.6278 13.2393 28.6619 13.2919C28.6796 13.3193 28.7095 13.3676 28.7286 13.3996C28.7476 13.4316 28.7797 13.4854 28.8001 13.5194C28.8203 13.5533 28.8585 13.6204 28.8848 13.6684C28.9111 13.7165 28.942 13.767 28.9537 13.7806C28.9655 13.7941 28.9873 13.8278 29.0025 13.8551C29.0177 13.8824 29.0447 13.9272 29.0628 13.9545C29.0807 13.9818 29.1029 14.0211 29.1121 14.0416C29.1211 14.0623 29.1451 14.1032 29.1656 14.1327C29.2506 14.2566 29.2629 14.2769 29.2629 14.2927C29.2629 14.3081 29.3266 14.4116 29.3617 14.4536C29.3703 14.4638 29.3992 14.5128 29.4259 14.5625C29.4527 14.6122 29.5006 14.6932 29.5323 14.7426C29.5642 14.7919 29.6082 14.866 29.6301 14.9069C29.6519 14.9477 29.6821 14.9999 29.6967 15.0228C29.7116 15.0457 29.7325 15.0791 29.7435 15.0973C29.7543 15.1156 29.7917 15.1773 29.8264 15.2348C29.9418 15.4259 29.963 15.4614 29.9912 15.5114C30.0066 15.5387 30.024 15.5647 30.0298 15.5694C30.0357 15.574 30.0494 15.5962 30.0606 15.6191C30.0716 15.642 30.0995 15.6903 30.1224 15.7267C30.1453 15.7632 30.1766 15.8153 30.1919 15.8427C30.2072 15.87 30.2244 15.896 30.2302 15.9006C30.2361 15.9053 30.2505 15.9275 30.2622 15.9503C30.2739 15.9732 30.3019 16.0216 30.3243 16.058C30.3469 16.0944 30.3768 16.1466 30.391 16.174C30.4052 16.2013 30.4389 16.2573 30.466 16.2981C30.493 16.3391 30.5231 16.3876 30.533 16.4059C30.5428 16.424 30.5691 16.4687 30.5911 16.5052C30.6133 16.5417 30.6469 16.5975 30.6659 16.6294C30.6848 16.6614 30.7152 16.7116 30.7334 16.7412C30.7514 16.7709 30.7795 16.8171 30.7955 16.8438C30.8116 16.8706 30.8623 16.9546 30.9083 17.0301C30.9541 17.1058 30.9975 17.179 31.0047 17.1926C31.0117 17.2062 31.0358 17.2472 31.0578 17.2837C31.08 17.3201 31.1088 17.3723 31.1218 17.3996C31.1346 17.427 31.1577 17.4596 31.1731 17.472C31.1883 17.4846 31.2006 17.5051 31.2006 17.5177C31.2006 17.5304 31.226 17.5765 31.2569 17.6202C31.288 17.6638 31.3182 17.715 31.3242 17.7337C31.3302 17.7525 31.3499 17.7812 31.3682 17.7974C31.3862 17.8138 31.4011 17.8372 31.4011 17.8496C31.4011 17.8619 31.4256 17.9073 31.4557 17.9505C31.4858 17.9938 31.5201 18.0476 31.532 18.0704C31.5679 18.1392 31.6085 18.2073 31.6605 18.2858C31.6875 18.3267 31.7195 18.3789 31.7313 18.4017C31.7433 18.4245 31.7714 18.4729 31.7939 18.5094C31.8164 18.5458 31.8441 18.5941 31.8556 18.617C31.867 18.6398 31.9013 18.6942 31.9318 18.7379C31.9623 18.7818 31.9947 18.834 32.0041 18.8539C32.0133 18.8739 32.0374 18.9175 32.0575 18.9507C32.0778 18.9841 32.1243 19.0611 32.1611 19.1219C32.1979 19.1828 32.243 19.2573 32.2614 19.2875C32.2797 19.3178 32.3248 19.3924 32.3616 19.4531C32.3983 19.5141 32.4453 19.5911 32.4658 19.6245C32.4865 19.658 32.5148 19.7077 32.5288 19.735C32.5572 19.7907 32.5797 19.8278 32.629 19.9006C32.6474 19.928 32.6805 19.9839 32.7025 20.0249C32.7244 20.0658 32.7526 20.1112 32.765 20.1256C32.7773 20.14 32.7875 20.1572 32.7875 20.164C32.7875 20.1706 32.8062 20.2006 32.8293 20.2304C32.8524 20.2603 32.871 20.2933 32.871 20.304C32.871 20.3148 32.8956 20.3586 32.9256 20.4018C32.9557 20.4451 32.9901 20.4989 33.002 20.5218C33.0379 20.5905 33.0785 20.6586 33.1305 20.7371C33.1575 20.778 33.1894 20.8302 33.2013 20.853C33.2133 20.8759 33.2397 20.9216 33.2601 20.9549C33.2803 20.9882 33.3271 21.0652 33.3638 21.126C33.4006 21.187 33.4473 21.264 33.4677 21.2974C33.4881 21.3309 33.5182 21.3818 33.5345 21.4104C33.5608 21.4563 33.5933 21.5106 33.7313 21.7377C33.7497 21.768 33.7948 21.8425 33.8315 21.9033C33.8683 21.9641 33.9152 22.0416 33.9358 22.0754C33.9565 22.109 33.9851 22.159 33.9994 22.1864C34.0339 22.2516 34.0582 22.2924 34.0988 22.3525C34.1553 22.436 34.1736 22.4661 34.1999 22.5177C34.2137 22.545 34.2438 22.5971 34.2669 22.6336C34.2899 22.67 34.318 22.7184 34.3293 22.7412C34.3405 22.7641 34.3719 22.8163 34.399 22.8572C34.451 22.9355 34.4913 23.0034 34.5275 23.0725C34.5395 23.0954 34.5538 23.1176 34.5597 23.1222C34.5655 23.1268 34.5829 23.1528 34.5983 23.1801C34.6136 23.2075 34.6444 23.2597 34.6666 23.2961C34.7372 23.4122 34.7466 23.4342 34.7362 23.4607C34.7274 23.4836 34.6402 23.4867 33.9782 23.4884C33.5668 23.4896 32.9821 23.4953 32.6789 23.5015C32.4952 23.5053 32.3114 23.5089 32.1277 23.5126C32.115 23.4986 32.1023 23.4846 32.0898 23.4707C32.0557 23.4331 31.9762 23.3072 31.9002 23.1711C31.8853 23.1444 31.8658 23.1132 31.8568 23.1016C31.8476 23.0902 31.8158 23.036 31.7859 22.9814C31.7562 22.9267 31.7092 22.8489 31.6817 22.8083C31.6542 22.7677 31.6247 22.7194 31.6164 22.7007C31.6081 22.682 31.5825 22.6369 31.5596 22.6004C31.5369 22.564 31.4899 22.4868 31.4553 22.429C31.421 22.3712 31.3777 22.2992 31.3593 22.2688C31.3409 22.2387 31.2958 22.1642 31.2591 22.1032C31.2223 22.0424 31.1759 21.9654 31.1557 21.9321C31.1356 21.8988 31.1056 21.8482 31.0889 21.8195C31.061 21.7715 30.9717 21.6227 30.8916 21.4904C30.8732 21.4599 30.8131 21.3599 30.758 21.268C30.6516 21.0902 30.6295 21.0538 30.5241 20.8797C30.4874 20.8189 30.4458 20.749 30.4317 20.7242C30.4177 20.6995 30.394 20.6606 30.379 20.6377C30.3641 20.6149 30.3378 20.5703 30.3206 20.5383C30.3034 20.5064 30.2752 20.458 30.2577 20.4307C30.2403 20.4034 30.202 20.3437 30.1728 20.2982C30.1435 20.2526 30.1092 20.1955 30.0965 20.1711C30.0681 20.1176 29.9416 19.9031 29.8977 19.8344C29.8803 19.8071 29.8352 19.7326 29.7975 19.6687C29.7597 19.605 29.7146 19.5305 29.6973 19.5031C29.6799 19.4758 29.6333 19.3986 29.5937 19.3315C29.5542 19.2645 29.5053 19.1825 29.4851 19.1494C29.4649 19.1162 29.4404 19.0741 29.4305 19.0559C29.4206 19.0377 29.3906 18.9892 29.3635 18.9483C29.3364 18.9074 29.3027 18.8514 29.2885 18.824C29.2743 18.7967 29.2444 18.7446 29.2218 18.7081C29.1995 18.6716 29.1714 18.6233 29.1597 18.6004C29.148 18.5776 29.1156 18.5254 29.0875 18.4845C29.0595 18.4436 29.0269 18.3914 29.015 18.3685C28.9799 18.3013 28.9392 18.2327 28.8871 18.1532C28.8303 18.0664 28.7878 17.9942 28.7636 17.9429C28.7543 17.923 28.7217 17.8708 28.6911 17.8269C28.6607 17.7832 28.6265 17.7289 28.6152 17.7061C28.5697 17.6146 28.468 17.4412 28.4484 17.4218C28.4371 17.4106 28.4277 17.3926 28.4277 17.3822C28.4277 17.372 28.4127 17.3499 28.3943 17.3333C28.3759 17.3168 28.3609 17.2969 28.3609 17.2892C28.3609 17.2736 28.2976 17.1631 28.1609 16.94C28.1427 16.9104 28.1125 16.8602 28.0937 16.8282C28.0748 16.7962 28.0407 16.7404 28.0178 16.7039C27.9949 16.6675 27.9685 16.6228 27.9593 16.6046C27.9502 16.5864 27.9206 16.5378 27.8935 16.4969C27.8665 16.456 27.8327 16.4 27.8187 16.3727C27.8046 16.3454 27.7784 16.3007 27.7604 16.2733C27.7425 16.246 27.6971 16.1715 27.6593 16.1077C27.6216 16.0439 27.5761 15.9694 27.5583 15.9421C27.5402 15.9147 27.5123 15.8664 27.4959 15.8344C27.4797 15.8024 27.4443 15.7428 27.4172 15.7019C27.3606 15.6158 27.3181 15.5434 27.2937 15.4915C27.2843 15.4717 27.25 15.4177 27.2175 15.3716C27.1849 15.3258 27.1582 15.2793 27.1582 15.2686C27.1582 15.2579 27.1472 15.237 27.1338 15.2222C27.1204 15.2077 27.0857 15.1517 27.0569 15.098C27.028 15.0443 26.9938 14.99 26.9811 14.9772C26.9682 14.9647 26.9578 14.9444 26.9578 14.9325C26.9578 14.9206 26.9461 14.9013 26.9317 14.8895C26.9175 14.8777 26.8947 14.8451 26.8816 14.8171C26.8682 14.7891 26.8389 14.7363 26.8164 14.6998C26.794 14.6634 26.7675 14.6187 26.7573 14.6005C26.7471 14.5822 26.7207 14.5375 26.6986 14.5011C26.6764 14.4646 26.6428 14.4088 26.6238 14.3769C26.6048 14.3449 26.5747 14.2965 26.5569 14.2692C26.539 14.2418 26.5109 14.1958 26.4945 14.167C26.4479 14.0845 26.3245 13.8766 26.2895 13.822C26.2722 13.7947 26.2271 13.7201 26.1894 13.6563C26.1518 13.5926 26.1023 13.5106 26.0796 13.4742C26.0567 13.4377 26.03 13.3873 26.0202 13.3624C26.0105 13.3374 25.9969 13.3168 25.9904 13.3168C25.9837 13.3168 25.9655 13.2926 25.9498 13.263C25.9342 13.2333 25.9032 13.1793 25.8809 13.1429C25.8586 13.1065 25.8325 13.0597 25.823 13.0389C25.8135 13.0182 25.798 12.9921 25.7885 12.9809C25.7477 12.9329 25.6882 12.8332 25.6882 12.8129C25.6882 12.8007 25.6765 12.7811 25.6622 12.7694C25.648 12.7576 25.6254 12.725 25.6121 12.697C25.5988 12.669 25.5733 12.6236 25.5551 12.5963C25.5369 12.569 25.5067 12.5206 25.4878 12.4886C25.4691 12.4567 25.4348 12.4009 25.412 12.3644C25.3891 12.3279 25.3636 12.2832 25.3558 12.2651C25.3478 12.2468 25.314 12.1911 25.2808 12.1412C25.2478 12.0913 25.2205 12.0444 25.2205 12.0369C25.2205 12.0297 25.2065 12.0034 25.1893 11.9786C25.137 11.9033 25.0429 11.7541 25.0184 11.7073C24.99 11.6538 24.8636 11.4393 24.8196 11.3706C24.8022 11.3433 24.7556 11.266 24.716 11.199C24.6766 11.1319 24.6277 11.0499 24.6074 11.0168C24.5872 10.9836 24.5627 10.9416 24.5528 10.9234C24.543 10.9052 24.5129 10.8567 24.4858 10.8158C24.4588 10.7748 24.425 10.7189 24.411 10.6915C24.397 10.6642 24.3708 10.6195 24.3527 10.5921C24.3348 10.5648 24.2894 10.4903 24.2517 10.4266C24.2139 10.3628 24.1686 10.2882 24.151 10.2609C24.1334 10.2336 24.1055 10.1879 24.0891 10.1596C24.032 10.0597 23.983 9.97885 23.9504 9.92966C23.9323 9.90228 23.9054 9.85388 23.8907 9.82195C23.8758 9.79008 23.8583 9.76026 23.8516 9.75569C23.8449 9.7512 23.8101 9.69638 23.7741 9.63403C23.7382 9.57168 23.6974 9.50338 23.6837 9.48228C23.6287 9.39811 23.5501 9.25853 23.5501 9.2451C23.5501 9.23724 23.535 9.21733 23.5167 9.20087C23.4983 9.18441 23.4833 9.16259 23.4833 9.1524C23.4833 9.14222 23.4534 9.08932 23.4169 9.0349C23.3804 8.98042 23.3503 8.92746 23.3501 8.91714C23.3498 8.90689 23.3379 8.88884 23.3236 8.87707C23.3093 8.8653 23.2868 8.83271 23.2734 8.80467C23.2603 8.77663 23.2344 8.73128 23.216 8.70397C23.1976 8.67666 23.1707 8.63189 23.1564 8.60459C23.142 8.57728 23.1121 8.52511 23.0899 8.48861C23.0678 8.45218 23.0367 8.39816 23.0212 8.36853C23.0055 8.33898 22.9873 8.31471 22.9806 8.31471C22.9741 8.31471 22.9601 8.29421 22.9497 8.26915C22.9392 8.24409 22.9141 8.19655 22.8938 8.16336C22.8734 8.13023 22.8244 8.04831 22.785 7.98119C22.7455 7.91415 22.7003 7.8395 22.6848 7.8153C22.6691 7.7911 22.627 7.72028 22.5911 7.65793C22.555 7.59557 22.5198 7.54069 22.5128 7.53593C22.5056 7.53117 22.4919 7.50882 22.4823 7.48621C22.4728 7.46366 22.4461 7.41533 22.4232 7.37889C22.4003 7.34246 22.3663 7.28659 22.3474 7.25472C22.3285 7.22278 22.2982 7.17246 22.28 7.14291C22.1423 6.91776 22.0801 6.80919 22.0801 6.79319C22.0801 6.78506 22.0684 6.76879 22.054 6.75702C22.0399 6.74525 22.0173 6.71266 22.004 6.68455C21.9907 6.65652 21.9648 6.61122 21.9465 6.58385C21.9281 6.55654 21.9022 6.51125 21.889 6.48315C21.8757 6.45511 21.8531 6.42251 21.8389 6.41074C21.8245 6.39898 21.8129 6.38079 21.8129 6.37028C21.8129 6.35983 21.787 6.31216 21.7552 6.26442C21.6989 6.17965 21.6695 6.1298 21.6261 6.04556C21.6144 6.02281 21.5798 5.96833 21.5494 5.92462C21.5188 5.88085 21.4865 5.82868 21.4771 5.80864C21.4679 5.78867 21.4438 5.7451 21.4237 5.71178C21.2928 5.49635 21.25 5.42487 21.2251 5.38024C21.1851 5.30784 21.1268 5.25051 21.0932 5.25051C21.0774 5.25051 21.0558 5.27101 21.0455 5.29607C21.0349 5.32113 21.0099 5.36887 20.9895 5.40213C20.8793 5.58271 20.8129 5.69492 20.7605 5.78947C20.7282 5.84746 20.6926 5.90419 20.6811 5.91556C20.6696 5.92693 20.6603 5.94538 20.6603 5.95649C20.6603 5.96767 20.6432 5.99788 20.6225 6.0236C20.6016 6.04933 20.5667 6.10394 20.5448 6.14494C20.523 6.18593 20.4962 6.2307 20.4855 6.24432C20.475 6.258 20.457 6.28783 20.4456 6.31057C20.4341 6.33338 20.4065 6.38178 20.3841 6.41822C20.3617 6.45472 20.334 6.50312 20.3225 6.52593C20.3016 6.56692 20.2385 6.66782 20.2136 6.69983C20.2064 6.70895 20.1908 6.735 20.179 6.75782C20.1671 6.78056 20.1394 6.82903 20.1172 6.86546C20.095 6.90189 20.0642 6.95406 20.0489 6.98137C20.0335 7.00875 20.0163 7.0348 20.0106 7.03936C20.0049 7.04392 19.9872 7.07374 19.971 7.10561C19.9548 7.13749 19.9269 7.18595 19.9089 7.21326C19.8909 7.24063 19.8644 7.28533 19.8499 7.31264C19.8355 7.34001 19.8096 7.38888 19.7923 7.42134C19.7751 7.45374 19.749 7.49004 19.7345 7.50201C19.7199 7.51398 19.7081 7.53236 19.7081 7.54281C19.7081 7.55326 19.6837 7.59895 19.6538 7.64431C19.6239 7.68967 19.59 7.74534 19.5783 7.76815C19.5666 7.7909 19.5404 7.83718 19.5198 7.8709C19.4993 7.90469 19.4525 7.98205 19.4158 8.04289C19.379 8.10372 19.3324 8.18048 19.3122 8.21341C19.292 8.24634 19.2658 8.29196 19.2541 8.31471C19.2424 8.33752 19.2082 8.39148 19.1781 8.43465C19.148 8.47783 19.1235 8.52141 19.1235 8.53146C19.1235 8.54157 19.1066 8.57311 19.0859 8.60168C19.0414 8.66304 19.0167 8.70278 18.9813 8.77022C18.9546 8.82074 18.9334 8.85684 18.8144 9.05276C18.7777 9.11332 18.7343 9.18632 18.7178 9.21495C18.7015 9.24365 18.6715 9.2947 18.651 9.32848C18.537 9.51759 18.4764 9.61757 18.4436 9.67099C18.4234 9.70392 18.3975 9.74948 18.386 9.77229C18.3746 9.79504 18.3565 9.82486 18.3459 9.83854C18.3352 9.85223 18.3019 9.9081 18.2722 9.96279C18.2426 10.0174 18.2099 10.0722 18.1995 10.0846C18.1781 10.1104 18.1501 10.1568 18.1126 10.2278C18.0982 10.2551 18.0697 10.3048 18.0495 10.3382C18.0098 10.4037 17.9017 10.5825 17.8426 10.6807C17.8225 10.714 17.7939 10.7636 17.7791 10.7909C17.7329 10.8757 17.6959 10.9371 17.6446 11.0145C17.6176 11.0555 17.5857 11.1077 17.5738 11.1305C17.5618 11.1532 17.5337 11.2017 17.5112 11.2381C17.4888 11.2746 17.4575 11.3286 17.442 11.3582C17.4263 11.3878 17.4073 11.412 17.3997 11.412C17.3924 11.412 17.3862 11.4259 17.3862 11.4432C17.3862 11.4602 17.375 11.4834 17.3611 11.4948C17.3475 11.5061 17.3129 11.5611 17.2845 11.6169C17.2559 11.6728 17.2222 11.7302 17.2092 11.7446C17.1963 11.759 17.1857 11.7746 17.1857 11.7794C17.1857 11.7842 17.1445 11.8545 17.0941 11.9355C17.0436 12.0166 16.991 12.1052 16.9771 12.1326C16.9631 12.1599 16.9332 12.212 16.9107 12.2485C16.8881 12.2849 16.8599 12.3333 16.8478 12.3561C16.836 12.379 16.8041 12.4312 16.777 12.4721C16.725 12.5506 16.6844 12.6187 16.6485 12.6874C16.6367 12.7103 16.6041 12.7624 16.5761 12.8034C16.548 12.8442 16.5159 12.8964 16.5046 12.9193C16.4934 12.9421 16.4616 12.998 16.4341 13.0435C16.4065 13.0891 16.3791 13.1376 16.3731 13.1512C16.3671 13.1648 16.353 13.1873 16.342 13.2009C16.3308 13.2144 16.2994 13.2666 16.2722 13.3168C16.245 13.367 16.2007 13.4415 16.174 13.4824C16.1473 13.5234 16.1158 13.5755 16.1041 13.5983C16.0925 13.6212 16.0646 13.6696 16.042 13.706C16.0194 13.7425 15.9912 13.7908 15.9792 13.8137C15.9673 13.8366 15.9354 13.8887 15.9084 13.9296C15.8564 14.0082 15.8159 14.0762 15.78 14.145C15.7681 14.1678 15.7336 14.2217 15.7036 14.2648C15.6735 14.3081 15.649 14.3493 15.649 14.3568C15.649 14.3683 15.5302 14.5707 15.4816 14.6419C15.4722 14.6554 15.4532 14.6891 15.4393 14.7164C15.4255 14.7437 15.3994 14.7885 15.3817 14.8158C15.3639 14.8431 15.3337 14.8915 15.3147 14.9234C15.2957 14.9554 15.2621 15.0112 15.2399 15.0477C15.2177 15.0841 15.1936 15.1251 15.1861 15.1388C15.1788 15.1523 15.1366 15.2232 15.0924 15.2961C15.0483 15.369 15.0031 15.4435 14.9925 15.4617C14.9817 15.48 14.9487 15.5328 14.9192 15.5793C14.8896 15.6257 14.8558 15.6853 14.8442 15.7118C14.8325 15.7382 14.8 15.7935 14.772 15.8344C14.7439 15.8753 14.7115 15.9275 14.6998 15.9503C14.6882 15.9732 14.6619 16.0189 14.6417 16.0522C14.5575 16.1908 14.5131 16.27 14.5131 16.2816C14.5131 16.2886 14.5014 16.3038 14.487 16.3155C14.4728 16.3273 14.4499 16.36 14.4363 16.3879C14.406 16.4502 14.356 16.538 14.3131 16.6046C14.2954 16.6319 14.2486 16.7091 14.2091 16.7762C14.1696 16.8432 14.1222 16.9233 14.1038 16.9539C14.0854 16.9844 14.0253 17.0847 13.9702 17.1768C13.915 17.2689 13.8534 17.3716 13.8332 17.4051C13.813 17.4385 13.7881 17.4844 13.7777 17.5073C13.7676 17.53 13.7492 17.5598 13.737 17.5736C13.725 17.5871 13.6949 17.637 13.6702 17.6843C13.6454 17.7315 13.6145 17.7791 13.6015 17.7898C13.5883 17.8006 13.5776 17.8162 13.5776 17.8243C13.5776 17.8382 13.5028 17.9712 13.4407 18.0677C13.4103 18.115 13.2878 18.3207 13.2389 18.4071C13.2225 18.436 13.1924 18.487 13.1721 18.5204C13.1517 18.5539 13.1063 18.6302 13.071 18.69C13.0358 18.75 13 18.8032 12.9916 18.8083C12.9831 18.8135 12.9763 18.831 12.9763 18.8473C12.9763 18.8637 12.9613 18.8903 12.9429 18.9068C12.9245 18.9234 12.9095 18.9458 12.9095 18.9569C12.9095 18.968 12.8953 18.9948 12.878 19.0167C12.8607 19.0383 12.8249 19.0945 12.7987 19.141C12.7723 19.1878 12.7207 19.2759 12.6839 19.337C12.6472 19.3981 12.5984 19.4796 12.5754 19.5182C12.5523 19.5568 12.5035 19.6389 12.4668 19.7006C12.43 19.7624 12.3834 19.84 12.3632 19.8733C12.343 19.9066 12.319 19.9502 12.3098 19.9702C12.3004 19.9901 12.2672 20.0427 12.2358 20.087C12.2046 20.1314 12.1738 20.1832 12.1676 20.2024C12.1614 20.2215 12.1456 20.2463 12.1321 20.2572C12.1187 20.2683 12.1076 20.2902 12.1076 20.306C12.1076 20.3215 12.0926 20.3479 12.0743 20.3644C12.0559 20.381 12.0407 20.4025 12.0404 20.4126C12.0402 20.4225 12.0101 20.4752 11.9735 20.5297C11.9371 20.5842 11.9072 20.637 11.9072 20.6471C11.9072 20.6574 11.8922 20.6791 11.8738 20.6957C11.8554 20.7123 11.8404 20.734 11.8404 20.7442C11.8404 20.7543 11.8137 20.803 11.7809 20.8524C11.7482 20.9016 11.7104 20.9649 11.6971 20.9926C11.6839 21.0207 11.6395 21.0957 11.5985 21.1595C11.5576 21.2232 11.5127 21.2978 11.4986 21.3251C11.4846 21.3524 11.4544 21.4046 11.4313 21.441C11.4084 21.4774 11.3627 21.5538 11.3296 21.6106C11.2967 21.6675 11.2628 21.7183 11.2544 21.7234C11.2459 21.7286 11.2391 21.7461 11.2391 21.7623C11.2391 21.7787 11.224 21.8054 11.2056 21.822C11.1873 21.8385 11.1722 21.8609 11.1722 21.8716C11.1722 21.8826 11.1572 21.9086 11.1388 21.9296C11.1204 21.9507 11.1054 21.9766 11.1054 21.9876C11.1054 21.9984 11.0903 22.0208 11.072 22.0373C11.0536 22.0539 11.0386 22.0802 11.0386 22.0957C11.0386 22.1115 11.0269 22.134 11.0125 22.1458C10.9984 22.1576 10.9756 22.1902 10.9624 22.2182C10.949 22.2462 10.9198 22.299 10.8972 22.3354C10.8749 22.3719 10.8513 22.4116 10.845 22.4237C10.8386 22.4358 10.7934 22.5103 10.7441 22.5893C10.695 22.6683 10.6433 22.7553 10.6295 22.7827C10.6156 22.81 10.5893 22.8547 10.5708 22.882C10.5525 22.9094 10.5258 22.9541 10.5117 22.9814C10.4977 23.0087 10.4641 23.0647 10.4372 23.1056C10.4103 23.1465 10.3769 23.2025 10.3629 23.2298C10.2978 23.3565 10.23 23.4657 10.1902 23.5074C10.1758 23.5225 10.1613 23.5378 10.1467 23.553C9.70947 23.5517 9.27214 23.5502 8.83481 23.5488C7.68415 23.545 7.52222 23.5415 7.51802 23.5197C7.51535 23.5061 7.54018 23.4539 7.57315 23.4037Z" fill="white"/>
<path fill-rule="evenodd" clip-rule="evenodd" d="M25.78 0.486219C25.7892 0.48278 26.9055 0.481855 28.2606 0.484235C29.0819 0.485624 29.9031 0.487012 30.7245 0.488467C30.726 0.822181 30.7273 1.1559 30.7288 1.48954C30.7312 2.0402 30.7266 2.4971 30.7186 2.50497C30.7107 2.51284 30.472 2.52236 30.1881 2.52606C29.9043 2.52983 29.3263 2.53869 28.9037 2.54583C28.6476 2.5502 28.3914 2.5545 28.1353 2.55886C28.1338 2.68793 28.1323 2.81693 28.1308 2.946C28.1276 3.21769 28.132 3.33995 28.1453 3.35595C28.1612 3.37486 28.3489 3.3787 29.2482 3.3787C29.8443 3.3787 30.3335 3.38055 30.3358 3.38287C30.3378 3.38518 30.3438 3.82674 30.3491 4.36424C30.3544 4.90174 30.3621 5.35639 30.3661 5.37457C30.3737 5.40737 30.3628 5.40777 29.2683 5.41597C28.6605 5.42053 28.1568 5.43051 28.1492 5.43805C28.1415 5.44565 28.1315 5.96219 28.1269 6.58592C28.1241 6.964 28.1214 7.34202 28.1186 7.72003C27.7292 7.71957 27.3397 7.71917 26.9503 7.71871C26.3077 7.71798 25.7803 7.71573 25.7783 7.71368C25.7763 7.71163 25.7722 6.08604 25.769 4.10127C25.7653 1.70543 25.769 0.490384 25.78 0.486219Z" fill="white"/>
<path fill-rule="evenodd" clip-rule="evenodd" d="M27.8878 8.35877C27.8938 8.35269 28.488 8.34773 29.2081 8.34773C29.6446 8.34773 30.0809 8.34773 30.5174 8.34773C30.5311 8.36129 30.5447 8.37484 30.5584 8.3884C30.581 8.41074 30.5994 8.44129 30.5994 8.45617C30.5994 8.47111 30.6144 8.50226 30.6328 8.5254C30.6511 8.54861 30.6662 8.58213 30.6662 8.59998C30.6662 8.61777 30.6812 8.65136 30.6996 8.6745C30.7179 8.69765 30.733 8.72747 30.733 8.74076C30.733 8.75405 30.748 8.78387 30.7664 8.80701C30.7848 8.83015 30.7998 8.85997 30.7998 8.87326C30.7998 8.88655 30.8149 8.91638 30.8332 8.93952C30.8516 8.96266 30.8667 8.99248 30.8667 9.00577C30.8667 9.01906 30.8817 9.04882 30.9 9.07202C30.9185 9.09517 30.9335 9.12413 30.9335 9.13636C30.9335 9.14853 30.9485 9.18298 30.9668 9.2128C30.9851 9.24262 31.0001 9.27912 31.0003 9.29399C31.0003 9.30881 31.0112 9.32977 31.0243 9.34068C31.0375 9.35152 31.0529 9.38174 31.0588 9.40779C31.0646 9.43384 31.0797 9.46366 31.0921 9.47404C31.1047 9.48442 31.1197 9.51424 31.1256 9.5403C31.1314 9.56635 31.1465 9.59617 31.1589 9.60655C31.1715 9.61693 31.1865 9.64675 31.1924 9.6728C31.1982 9.69886 31.2134 9.72894 31.2264 9.73959C31.2393 9.75023 31.2547 9.78402 31.2605 9.81463C31.2663 9.84531 31.2811 9.87864 31.2932 9.88869C31.3055 9.89874 31.3201 9.9283 31.326 9.95435C31.3319 9.98047 31.3469 10.0103 31.3594 10.0206C31.3719 10.031 31.387 10.0608 31.3928 10.0869C31.3987 10.113 31.4137 10.1428 31.4262 10.1531C31.4388 10.1635 31.4538 10.1933 31.4596 10.2194C31.4655 10.2455 31.4809 10.2756 31.4941 10.2865C31.5072 10.2974 31.5181 10.3154 31.5181 10.3266C31.5181 10.3378 31.5368 10.382 31.5599 10.4248C31.5829 10.4676 31.6016 10.5105 31.6016 10.52C31.6016 10.5294 31.6166 10.5561 31.6351 10.5793C31.6534 10.6024 31.6686 10.6334 31.669 10.6481C31.6691 10.6628 31.6907 10.7003 31.7166 10.7314C31.7712 10.7965 31.8116 10.7928 31.8288 10.7212C31.835 10.6957 31.8497 10.6637 31.8615 10.65C31.8732 10.6364 31.8881 10.605 31.8943 10.5803C31.9004 10.5557 31.9157 10.5272 31.9279 10.517C31.9402 10.5069 31.9549 10.4774 31.9608 10.4513C31.9666 10.4252 31.9817 10.3954 31.9942 10.385C32.0067 10.3746 32.0217 10.3449 32.0276 10.3187C32.0334 10.2927 32.0485 10.2629 32.061 10.2525C32.0735 10.2421 32.0885 10.2124 32.0944 10.1862C32.1002 10.1602 32.1153 10.1304 32.1278 10.12C32.1403 10.1097 32.1554 10.0798 32.1612 10.0537C32.1671 10.0277 32.1821 9.99786 32.1946 9.98748C32.2071 9.97716 32.2222 9.94734 32.228 9.92122C32.2339 9.89517 32.2493 9.86495 32.2625 9.85411C32.2756 9.84326 32.2865 9.82482 32.2865 9.81325C32.2865 9.80161 32.4255 9.51662 32.5956 9.17987C32.7656 8.84318 32.9046 8.56011 32.9046 8.55086C32.9046 8.5416 32.9149 8.52547 32.9276 8.51502C32.9403 8.50457 32.955 8.47475 32.9602 8.44876C32.9819 8.34125 32.8974 8.34773 34.2671 8.34773C35.3385 8.34773 35.5104 8.35104 35.5104 8.3716C35.5104 8.38476 35.5024 8.40036 35.4927 8.40638C35.4828 8.41233 35.4676 8.43329 35.4588 8.45286C35.4501 8.4725 35.4246 8.51832 35.4024 8.55476C35.38 8.59126 35.3539 8.63966 35.3442 8.66247C35.3345 8.68521 35.319 8.71504 35.3096 8.72872C35.3003 8.74234 35.2813 8.77593 35.2675 8.80324C35.2537 8.83055 35.2087 8.91254 35.1677 8.98541C35.1266 9.05834 35.0813 9.14026 35.0671 9.16764C35.0529 9.19494 35.0234 9.24711 35.0011 9.28355C34.979 9.31998 34.953 9.36845 34.9433 9.39126C34.9336 9.414 34.9186 9.44383 34.9096 9.45745C34.9007 9.47113 34.8713 9.5233 34.8441 9.57342C34.8168 9.62354 34.7716 9.70553 34.7434 9.75559C34.715 9.80571 34.6804 9.86905 34.6662 9.89643C34.652 9.92373 34.6224 9.9759 34.6002 10.0123C34.5782 10.0488 34.5519 10.0972 34.5419 10.12C34.5185 10.1737 34.514 10.1821 34.4668 10.2608C34.4451 10.2973 34.3993 10.3792 34.3654 10.443C34.3316 10.5067 34.2862 10.5887 34.2646 10.6251C34.2432 10.6616 34.2142 10.7138 34.2002 10.7411C34.1861 10.7684 34.1671 10.802 34.1577 10.8156C34.1484 10.8293 34.133 10.8592 34.1237 10.8819C34.1141 10.9047 34.0882 10.9531 34.066 10.9895C34.0436 11.026 34.0175 11.0744 34.0079 11.0973C33.9982 11.12 33.9826 11.1498 33.9733 11.1635C33.9639 11.1771 33.9449 11.2107 33.9309 11.238C33.9168 11.2653 33.8875 11.3175 33.8654 11.3539C33.8433 11.3904 33.8128 11.4482 33.7974 11.4823C33.7821 11.5165 33.7635 11.5444 33.756 11.5444C33.7485 11.5444 33.7375 11.5667 33.7314 11.594C33.7254 11.6211 33.7134 11.6478 33.7049 11.6531C33.6962 11.6584 33.6781 11.6864 33.6646 11.7154C33.6512 11.7443 33.6325 11.7793 33.6232 11.7929C33.6139 11.8065 33.5983 11.8363 33.5886 11.8591C33.5789 11.882 33.5527 11.9304 33.5303 11.9668C33.5077 12.0033 33.4778 12.0554 33.4637 12.0827C33.4495 12.11 33.4198 12.1622 33.3975 12.1987C33.3754 12.2351 33.3494 12.2835 33.3397 12.3064C33.33 12.3292 33.3148 12.359 33.3058 12.3726C33.2966 12.3862 33.278 12.4198 33.2642 12.4471C33.2505 12.4744 33.2325 12.5081 33.2241 12.5216C33.2156 12.5353 33.2001 12.5651 33.1895 12.5879C33.1789 12.6108 33.1518 12.6591 33.1294 12.6955C33.1068 12.732 33.0769 12.7842 33.0627 12.8115C33.0486 12.8388 33.0188 12.891 32.9966 12.9274C32.9745 12.9639 32.9483 13.0123 32.9385 13.0351C32.9286 13.058 32.9133 13.0914 32.9041 13.1097C32.8938 13.1302 32.8862 13.5993 32.8837 14.3464C32.8814 15.0083 32.875 15.5546 32.8695 15.56C32.8545 15.5747 30.5692 15.5944 30.5544 15.5799C30.5501 15.5756 30.5437 15.3424 30.5404 15.0614C30.5371 14.7805 30.5282 14.2265 30.5208 13.8301C30.5164 13.59 30.512 13.3498 30.5075 13.1097C30.4806 13.0628 30.4537 13.0158 30.4268 12.9689C30.3825 12.8913 30.3396 12.8168 30.3314 12.8033C30.3123 12.7713 30.2202 12.6012 30.1699 12.5051C30.1484 12.4642 30.124 12.4193 30.1153 12.4057C30.076 12.3429 29.8955 12.0216 29.8806 11.988C29.8714 11.9673 29.8465 11.9204 29.8255 11.884C29.7803 11.8059 29.6786 11.6233 29.609 11.4947C29.5819 11.4445 29.534 11.3599 29.5027 11.3067C29.4714 11.2533 29.4347 11.1862 29.4214 11.1576C29.408 11.1289 29.3733 11.0645 29.3442 11.0144C29.2814 10.9059 29.1992 10.7588 29.1316 10.6335C29.1047 10.5834 29.0631 10.5088 29.0392 10.4678C29.0155 10.4269 28.9804 10.3635 28.9616 10.3271C28.9425 10.2906 28.9141 10.2384 28.8984 10.2111C28.8827 10.1838 28.8376 10.1038 28.7982 10.0334C28.7587 9.96308 28.7195 9.90112 28.7108 9.89583C28.7021 9.89048 28.6948 9.87355 28.6944 9.85814C28.6941 9.84274 28.6682 9.78918 28.637 9.73906C28.6057 9.68894 28.5528 9.59577 28.5196 9.53203C28.4861 9.46822 28.429 9.36388 28.3926 9.30014C28.3562 9.23634 28.3157 9.16122 28.3029 9.13319C28.29 9.10515 28.2676 9.07255 28.2534 9.06078C28.2391 9.04901 28.2274 9.027 28.2274 9.01192C28.2274 8.99684 28.215 8.96716 28.2002 8.94586C28.1851 8.92464 28.1504 8.8652 28.1229 8.81382C28.0956 8.76244 28.0633 8.70922 28.0513 8.6956C28.0393 8.68191 28.0244 8.65057 28.0182 8.62584C28.0121 8.60117 27.9964 8.57228 27.9835 8.5617C27.9706 8.55112 27.9601 8.53366 27.9601 8.52282C27.9601 8.51204 27.9414 8.47799 27.9184 8.44711C27.8739 8.38747 27.8701 8.3763 27.8878 8.35877Z" fill="white"/>
<path fill-rule="evenodd" clip-rule="evenodd" d="M31.0972 0.500619C31.1079 0.484089 31.6142 0.480717 33.5734 0.484089C34.3944 0.485478 35.2153 0.486866 36.0363 0.488254C36.0363 0.825011 36.0363 1.16183 36.0363 1.49859C36.0363 1.83535 36.0363 2.17217 36.0363 2.50892C35.8609 2.51316 35.6855 2.51732 35.5101 2.52149C35.2208 2.52836 34.6473 2.53789 34.2358 2.54265C33.9865 2.54556 33.7372 2.54847 33.4877 2.55131C33.4819 2.56638 33.4761 2.58139 33.4704 2.5964C33.4453 2.66114 33.458 2.98553 33.4867 3.01991C33.5076 3.04477 33.6037 3.04729 34.5506 3.04729C35.1881 3.04729 35.5955 3.0533 35.6015 3.06296C35.6068 3.07155 35.6114 3.51318 35.6115 4.04433C35.6117 4.36621 35.6118 4.68809 35.612 5.00997C35.2628 5.01142 34.9136 5.01281 34.5645 5.01426C33.8247 5.01731 33.5104 5.02392 33.4946 5.03701C33.4775 5.05109 33.4722 5.12112 33.4722 5.33442C33.4722 5.59494 33.4744 5.61451 33.5051 5.63085C33.5273 5.64262 33.9444 5.64797 34.794 5.64738C35.4849 5.64685 36.0545 5.65234 36.0599 5.65948C36.0654 5.66662 36.0659 6.12907 36.0614 6.68707C36.0585 7.02521 36.0558 7.36343 36.053 7.70157C35.2308 7.70296 34.4087 7.70428 33.5863 7.70567C32.7641 7.70706 31.9419 7.70838 31.1197 7.70977C31.1174 6.51998 31.1153 5.33019 31.1131 4.1404C31.1094 2.17726 31.1014 0.559864 31.0952 0.546243C31.089 0.532556 31.0898 0.512058 31.0972 0.500619Z" fill="white"/>
<path opacity="0.549" d="M39.0872 23.4871C39.5111 23.4871 39.8548 23.1467 39.8548 22.7267C39.8548 22.3067 39.5111 21.9663 39.0872 21.9663C38.6632 21.9663 38.3196 22.3067 38.3196 22.7267C38.3196 23.1467 38.6632 23.4871 39.0872 23.4871Z" fill="white"/>
<path opacity="0.651" d="M40.6892 23.4871C41.1132 23.4871 41.4568 23.1467 41.4568 22.7267C41.4568 22.3067 41.1132 21.9663 40.6892 21.9663C40.2653 21.9663 39.9216 22.3067 39.9216 22.7267C39.9216 23.1467 40.2653 23.4871 40.6892 23.4871Z" fill="white"/>
<path opacity="0.749" d="M42.291 23.4871C42.715 23.4871 43.0586 23.1467 43.0586 22.7267C43.0586 22.3067 42.715 21.9663 42.291 21.9663C41.8671 21.9663 41.5234 22.3067 41.5234 22.7267C41.5234 23.1467 41.8671 23.4871 42.291 23.4871Z" fill="white"/>
<path opacity="0.851" d="M43.8931 23.4871C44.317 23.4871 44.6607 23.1467 44.6607 22.7267C44.6607 22.3067 44.317 21.9663 43.8931 21.9663C43.4692 21.9663 43.1255 22.3067 43.1255 22.7267C43.1255 23.1467 43.4692 23.4871 43.8931 23.4871Z" fill="white"/>
<path opacity="0.949" d="M45.4949 23.4871C45.9188 23.4871 46.2625 23.1467 46.2625 22.7267C46.2625 22.3067 45.9188 21.9663 45.4949 21.9663C45.071 21.9663 44.7273 22.3067 44.7273 22.7267C44.7273 23.1467 45.071 23.4871 45.4949 23.4871Z" fill="white"/>
<path d="M47.0969 23.4871C47.5209 23.4871 47.8645 23.1467 47.8645 22.7267C47.8645 22.3067 47.5209 21.9663 47.0969 21.9663C46.673 21.9663 46.3293 22.3067 46.3293 22.7267C46.3293 23.1467 46.673 23.4871 47.0969 23.4871Z" fill="white"/>
</g>
<defs>
<clipPath id="clip0_11902_4683">
<rect width="51" height="24" fill="white"/>
</clipPath>
</defs>
</svg>
